# zmin zmax all_combined bin_1_combined bin_2_combined bin_3_combined bin_4_combined all_north bin_1_north bin_2_north bin_3_north bin_4_north all_south bin_1_south bin_2_south bin_3_south bin_4_south
0.0 0.02 0.016 0.002 0.002 0.002 0.002 0.014 0.000 0.003 0.002 0.001 0.017 0.002 0.001 0.003 0.003
0.02 0.04 0.065 0.007 0.006 0.006 0.008 0.057 0.006 0.006 0.008 0.012 0.068 0.007 0.005 0.006 0.006
0.04 0.06 0.141 0.012 0.013 0.007 0.010 0.102 0.007 0.013 0.008 0.012 0.159 0.014 0.014 0.007 0.009
0.06 0.08 0.220 0.021 0.026 0.014 0.009 0.199 0.016 0.040 0.014 0.011 0.229 0.023 0.020 0.013 0.008
0.08 0.1 0.277 0.026 0.030 0.019 0.018 0.245 0.014 0.040 0.016 0.017 0.291 0.032 0.026 0.020 0.019
0.1 0.12 0.265 0.035 0.029 0.018 0.020 0.270 0.055 0.029 0.023 0.027 0.262 0.025 0.028 0.015 0.018
0.12 0.14 0.272 0.030 0.029 0.017 0.018 0.256 0.035 0.027 0.017 0.025 0.279 0.028 0.030 0.018 0.015
0.14 0.16 0.259 0.030 0.027 0.013 0.018 0.241 0.034 0.032 0.015 0.020 0.267 0.028 0.024 0.012 0.017
0.16 0.18 0.319 0.030 0.029 0.018 0.019 0.286 0.036 0.028 0.012 0.027 0.334 0.027 0.030 0.020 0.015
0.18 0.2 0.459 0.038 0.035 0.029 0.021 0.419 0.036 0.033 0.037 0.020 0.477 0.039 0.036 0.025 0.022
0.2 0.22 0.671 0.043 0.036 0.019 0.026 0.615 0.049 0.044 0.014 0.037 0.696 0.041 0.033 0.022 0.021
0.22 0.24 1.032 0.066 0.046 0.028 0.015 0.951 0.083 0.036 0.028 0.016 1.068 0.059 0.051 0.028 0.014
0.24 0.26 1.365 0.084 0.044 0.027 0.018 1.297 0.083 0.042 0.029 0.024 1.396 0.085 0.044 0.026 0.015
0.26 0.28 1.854 0.120 0.052 0.030 0.019 1.786 0.132 0.051 0.026 0.019 1.884 0.115 0.052 0.032 0.019
0.28 0.3 2.316 0.198 0.065 0.027 0.016 2.245 0.252 0.055 0.022 0.017 2.348 0.174 0.069 0.030 0.016
0.3 0.32 3.076 0.309 0.104 0.050 0.038 2.699 0.357 0.098 0.029 0.030 3.247 0.288 0.106 0.059 0.041
0.32 0.34 4.624 0.548 0.114 0.041 0.022 4.413 0.605 0.098 0.035 0.018 4.719 0.522 0.122 0.043 0.024
0.34 0.36 7.062 1.119 0.135 0.035 0.023 6.836 1.168 0.111 0.033 0.031 7.165 1.097 0.146 0.036 0.019
0.36 0.38 8.614 2.264 0.149 0.038 0.018 8.796 2.366 0.139 0.034 0.017 8.531 2.218 0.154 0.040 0.019
0.38 0.4 9.304 4.156 0.186 0.042 0.026 9.064 4.094 0.161 0.041 0.037 9.413 4.183 0.197 0.042 0.021
0.4 0.42 9.510 6.577 0.201 0.030 0.024 9.128 6.560 0.164 0.015 0.026 9.683 6.585 0.218 0.036 0.023
0.42 0.44 10.225 8.641 0.263 0.030 0.015 10.398 9.016 0.244 0.030 0.016 10.146 8.470 0.271 0.030 0.015
0.44 0.46 11.073 9.917 0.391 0.036 0.016 10.565 9.711 0.351 0.032 0.022 11.304 10.011 0.409 0.038 0.014
0.46 0.48 11.163 10.136 0.575 0.046 0.023 10.523 9.810 0.498 0.045 0.030 11.454 10.285 0.609 0.046 0.020
0.48 0.5 12.054 10.763 1.020 0.043 0.015 11.871 10.864 0.965 0.045 0.017 12.137 10.718 1.045 0.042 0.015
0.5 0.52 12.782 10.380 2.226 0.046 0.012 12.692 10.476 2.211 0.055 0.018 12.823 10.336 2.233 0.042 0.009
0.52 0.54 13.930 8.712 5.111 0.069 0.019 13.921 8.989 4.999 0.079 0.017 13.935 8.586 5.163 0.064 0.019
0.54 0.56 14.819 4.467 10.243 0.102 0.044 15.046 4.848 10.135 0.117 0.060 14.715 4.293 10.292 0.095 0.037
0.56 0.58 15.767 1.753 13.905 0.156 0.038 16.105 1.930 14.039 0.204 0.043 15.612 1.672 13.844 0.135 0.035
0.58 0.6 16.112 0.696 15.204 0.270 0.040 16.482 0.770 15.437 0.314 0.052 15.944 0.662 15.098 0.250 0.035
0.6 0.62 17.250 0.314 16.521 0.481 0.051 17.847 0.330 17.005 0.546 0.069 16.978 0.306 16.302 0.452 0.043
0.62 0.64 17.263 0.169 16.221 0.938 0.053 16.855 0.169 15.642 1.065 0.071 17.448 0.169 16.483 0.880 0.045
0.64 0.66 17.854 0.114 16.124 1.661 0.078 17.915 0.116 15.892 1.890 0.116 17.826 0.113 16.229 1.557 0.061
0.66 0.68 18.243 0.073 15.366 2.831 0.104 18.426 0.066 15.141 3.185 0.159 18.160 0.076 15.468 2.670 0.079
0.68 0.7 18.831 0.035 13.174 5.571 0.171 18.473 0.036 12.538 5.702 0.280 18.993 0.035 13.463 5.512 0.121
0.7 0.72 19.089 0.020 9.176 9.703 0.287 20.141 0.019 9.873 9.863 0.468 18.611 0.020 8.859 9.630 0.204
0.72 0.74 19.812 0.012 5.662 13.709 0.513 20.666 0.015 6.276 13.668 0.778 19.424 0.011 5.382 13.727 0.392
0.74 0.76 21.124 0.016 3.098 17.185 0.890 21.458 0.022 3.462 16.706 1.305 20.973 0.013 2.933 17.403 0.701
0.76 0.78 22.381 0.007 1.216 19.239 1.975 23.014 0.010 1.508 18.939 2.611 22.094 0.006 1.084 19.376 1.686
0.78 0.8 23.919 0.005 0.420 19.404 4.098 24.307 0.006 0.672 19.292 4.333 23.743 0.004 0.305 19.454 3.992
0.8 0.82 24.564 0.009 0.221 17.933 6.355 25.662 0.014 0.348 18.665 6.582 24.065 0.006 0.163 17.600 6.252
0.82 0.84 23.473 0.008 0.129 14.973 8.253 23.239 0.017 0.186 14.842 8.041 23.580 0.003 0.103 15.032 8.348
0.84 0.86 22.611 0.005 0.094 11.746 10.598 21.888 0.007 0.136 11.484 10.086 22.940 0.004 0.074 11.865 10.830
0.86 0.88 21.449 0.003 0.067 9.059 12.096 21.475 0.003 0.095 9.038 12.092 21.437 0.003 0.054 9.069 12.097
0.88 0.9 20.256 0.003 0.051 6.428 13.471 20.677 0.000 0.068 6.634 13.616 20.064 0.004 0.044 6.334 13.406
0.9 0.92 18.566 0.004 0.044 3.987 14.120 18.393 0.007 0.041 3.939 13.974 18.645 0.002 0.046 4.009 14.187
0.92 0.94 16.714 0.003 0.034 2.303 13.739 16.559 0.003 0.036 2.454 13.401 16.785 0.003 0.033 2.234 13.892
0.94 0.96 15.239 0.001 0.027 1.444 12.957 15.274 0.000 0.035 1.598 12.880 15.223 0.001 0.024 1.375 12.992
0.96 0.98 12.989 0.003 0.028 0.889 11.080 13.282 0.003 0.035 1.015 11.263 12.855 0.003 0.025 0.832 10.997
0.98 1.0 10.743 0.002 0.028 0.559 8.991 10.866 0.003 0.032 0.614 9.120 10.688 0.002 0.026 0.534 8.932
1.0 1.02 9.139 0.003 0.020 0.377 7.364 8.899 0.005 0.022 0.389 7.152 9.248 0.003 0.019 0.371 7.460
1.02 1.04 7.628 0.002 0.021 0.222 5.762 7.859 0.002 0.025 0.223 5.952 7.523 0.002 0.019 0.222 5.675
1.04 1.06 6.445 0.003 0.019 0.144 4.438 6.443 0.000 0.023 0.137 4.482 6.445 0.004 0.017 0.147 4.418
1.06 1.08 5.220 0.002 0.021 0.103 3.209 5.383 0.002 0.022 0.111 3.215 5.146 0.002 0.020 0.100 3.207
1.08 1.1 4.301 0.003 0.016 0.069 2.312 4.477 0.005 0.020 0.068 2.316 4.221 0.002 0.014 0.070 2.311
1.1 1.12 3.494 0.003 0.013 0.053 1.593 3.623 0.002 0.017 0.064 1.590 3.436 0.003 0.011 0.049 1.594
1.12 1.14 2.789 0.001 0.011 0.034 1.071 2.809 0.000 0.006 0.043 1.101 2.780 0.001 0.013 0.030 1.057
1.14 1.16 2.269 0.001 0.011 0.030 0.745 2.353 0.000 0.013 0.022 0.757 2.231 0.001 0.010 0.033 0.739
1.16 1.18 1.784 0.001 0.008 0.023 0.490 1.905 0.000 0.008 0.021 0.496 1.728 0.001 0.008 0.024 0.487
1.18 1.2 1.363 0.001 0.005 0.023 0.309 1.424 0.000 0.005 0.033 0.377 1.336 0.001 0.006 0.018 0.278
1.2 1.22 1.027 0.002 0.005 0.016 0.215 1.066 0.002 0.006 0.013 0.251 1.009 0.001 0.004 0.018 0.198
1.22 1.24 0.782 0.001 0.006 0.009 0.145 0.799 0.000 0.003 0.004 0.165 0.774 0.002 0.007 0.011 0.136
1.24 1.26 0.603 0.001 0.003 0.009 0.104 0.609 0.000 0.006 0.012 0.121 0.601 0.001 0.002 0.007 0.097
1.26 1.28 0.478 0.001 0.005 0.008 0.066 0.516 0.000 0.005 0.010 0.083 0.461 0.002 0.005 0.008 0.058
1.28 1.3 0.373 0.001 0.004 0.006 0.055 0.395 0.000 0.003 0.003 0.076 0.363 0.002 0.004 0.007 0.045
1.3 1.32 0.289 0.002 0.007 0.012 0.042 0.248 0.000 0.003 0.012 0.030 0.308 0.003 0.008 0.012 0.048
1.32 1.34 0.226 0.002 0.003 0.009 0.031 0.237 0.003 0.002 0.006 0.022 0.221 0.002 0.004 0.010 0.035
1.34 1.36 0.156 0.000 0.002 0.005 0.017 0.149 0.000 0.002 0.005 0.014 0.160 0.000 0.002 0.005 0.018
1.36 1.38 0.112 0.001 0.001 0.006 0.016 0.125 0.000 0.000 0.002 0.018 0.106 0.001 0.001 0.007 0.015
1.38 1.4 0.077 0.001 0.002 0.003 0.009 0.063 0.000 0.002 0.003 0.009 0.083 0.001 0.002 0.004 0.009
1.4 1.42 0.064 0.001 0.001 0.003 0.006 0.066 0.002 0.000 0.006 0.006 0.063 0.001 0.002 0.001 0.006
1.42 1.44 0.042 0.001 0.001 0.002 0.005 0.034 0.000 0.000 0.000 0.003 0.045 0.001 0.001 0.002 0.006
1.44 1.46 0.019 0.000 0.001 0.002 0.001 0.017 0.000 0.002 0.002 0.000 0.019 0.001 0.000 0.002 0.002
1.46 1.48 0.000 0.000 0.000 0.000 0.000 0.000 0.000 0.000 0.000 0.000 0.000 0.000 0.000 0.000 0.000
