# zmin zmax all_decals bin_1_decals bin_2_decals bin_3_decals bin_4_decals all_des bin_1_des bin_2_des bin_3_des bin_4_des
0.0 0.02 0.018 0.003 0.001 0.003 0.003 0.008 0.000 0.000 0.003 0.002
0.02 0.04 0.070 0.008 0.006 0.006 0.005 0.052 0.000 0.003 0.006 0.014
0.04 0.06 0.154 0.014 0.013 0.007 0.009 0.203 0.017 0.017 0.006 0.014
0.06 0.08 0.231 0.023 0.021 0.014 0.008 0.221 0.021 0.017 0.009 0.003
0.08 0.1 0.294 0.033 0.026 0.021 0.019 0.289 0.021 0.023 0.021 0.015
0.1 0.12 0.262 0.025 0.028 0.017 0.019 0.280 0.023 0.026 0.006 0.012
0.12 0.14 0.278 0.028 0.029 0.017 0.015 0.300 0.021 0.038 0.024 0.018
0.14 0.16 0.265 0.025 0.022 0.012 0.017 0.297 0.047 0.038 0.012 0.020
0.16 0.18 0.346 0.028 0.031 0.021 0.016 0.257 0.020 0.020 0.015 0.006
0.18 0.2 0.481 0.040 0.037 0.026 0.020 0.466 0.029 0.026 0.024 0.040
0.2 0.22 0.703 0.043 0.035 0.021 0.022 0.683 0.023 0.020 0.030 0.011
0.22 0.24 1.082 0.059 0.053 0.028 0.014 1.018 0.052 0.035 0.034 0.020
0.24 0.26 1.409 0.084 0.043 0.027 0.016 1.373 0.087 0.055 0.021 0.011
0.26 0.28 1.862 0.106 0.049 0.032 0.019 2.169 0.183 0.080 0.034 0.017
0.28 0.3 2.314 0.167 0.068 0.028 0.017 2.755 0.221 0.081 0.046 0.011
0.3 0.32 3.282 0.281 0.106 0.058 0.042 3.154 0.336 0.102 0.074 0.041
0.32 0.34 4.703 0.519 0.120 0.045 0.025 5.115 0.520 0.136 0.038 0.020
0.34 0.36 7.177 1.074 0.147 0.036 0.019 7.474 1.240 0.139 0.035 0.023
0.36 0.38 8.508 2.181 0.153 0.040 0.020 9.197 2.420 0.155 0.048 0.014
0.38 0.4 9.487 4.174 0.196 0.044 0.023 9.354 4.059 0.203 0.030 0.010
0.4 0.42 9.708 6.517 0.213 0.038 0.025 10.029 6.843 0.253 0.032 0.014
0.42 0.44 10.157 8.366 0.272 0.031 0.016 10.632 8.933 0.264 0.024 0.014
0.44 0.46 11.363 9.922 0.412 0.038 0.015 11.469 10.274 0.376 0.038 0.009
0.46 0.48 11.545 10.227 0.611 0.047 0.020 11.371 10.268 0.595 0.039 0.025
0.48 0.5 12.277 10.687 1.053 0.046 0.016 11.700 10.460 0.973 0.013 0.011
0.5 0.52 12.919 10.271 2.232 0.043 0.010 12.772 10.385 2.226 0.037 0.003
0.52 0.54 14.078 8.534 5.196 0.067 0.021 13.576 8.609 4.861 0.051 0.009
0.54 0.56 14.843 4.301 10.286 0.094 0.039 14.520 4.023 10.278 0.110 0.030
0.56 0.58 15.700 1.669 13.818 0.140 0.035 15.793 1.617 13.972 0.105 0.037
0.58 0.6 15.935 0.649 14.997 0.257 0.034 16.911 0.740 15.819 0.223 0.043
0.6 0.62 16.937 0.300 16.148 0.468 0.045 18.260 0.347 17.442 0.374 0.033
0.62 0.64 17.627 0.167 16.518 0.925 0.048 17.001 0.178 16.105 0.620 0.030
0.64 0.66 17.939 0.113 16.164 1.641 0.065 17.922 0.110 16.650 1.073 0.037
0.66 0.68 18.439 0.074 15.530 2.810 0.082 16.951 0.092 14.875 1.867 0.071
0.68 0.7 19.206 0.034 13.441 5.693 0.129 18.363 0.040 13.561 4.683 0.075
0.7 0.72 18.764 0.019 8.819 9.818 0.217 18.437 0.034 9.127 9.177 0.139
0.72 0.74 19.708 0.011 5.430 13.982 0.426 18.251 0.008 4.968 13.179 0.190
0.74 0.76 21.226 0.010 2.977 17.653 0.752 20.132 0.034 2.561 17.268 0.405
0.76 0.78 22.472 0.006 1.110 19.732 1.810 20.306 0.010 0.866 18.633 0.969
0.78 0.8 24.156 0.004 0.316 19.794 4.213 21.773 0.009 0.218 18.843 2.847
0.8 0.82 24.498 0.006 0.168 17.898 6.554 21.955 0.004 0.125 17.121 4.789
0.82 0.84 24.000 0.004 0.104 15.277 8.698 21.545 0.000 0.095 14.697 6.806
0.84 0.86 23.162 0.004 0.075 11.933 11.150 22.455 0.005 0.064 12.557 9.829
0.86 0.88 21.582 0.003 0.055 9.115 12.355 21.482 0.003 0.042 9.648 11.733
0.88 0.9 20.197 0.004 0.045 6.389 13.642 20.135 0.010 0.036 6.561 13.379
0.9 0.92 18.842 0.002 0.045 4.067 14.475 18.123 0.000 0.052 3.970 13.865
0.92 0.94 16.867 0.003 0.035 2.261 14.074 17.071 0.003 0.021 2.258 14.333
0.94 0.96 15.338 0.001 0.025 1.388 13.205 15.163 0.000 0.015 1.409 13.081
0.96 0.98 12.975 0.003 0.026 0.866 11.157 12.620 0.003 0.013 0.660 11.222
0.98 1.0 10.733 0.001 0.024 0.538 9.027 10.929 0.006 0.036 0.555 9.384
1.0 1.02 9.316 0.003 0.020 0.381 7.581 9.224 0.003 0.014 0.334 7.526
1.02 1.04 7.514 0.002 0.018 0.225 5.719 8.014 0.000 0.027 0.220 6.082
1.04 1.06 6.491 0.004 0.017 0.152 4.476 6.448 0.006 0.015 0.125 4.557
1.06 1.08 5.206 0.003 0.020 0.103 3.269 4.949 0.000 0.023 0.082 3.157
1.08 1.1 4.242 0.001 0.014 0.073 2.332 4.293 0.003 0.014 0.054 2.458
1.1 1.12 3.452 0.003 0.011 0.051 1.611 3.498 0.006 0.009 0.037 1.677
1.12 1.14 2.823 0.001 0.013 0.030 1.083 2.591 0.000 0.012 0.029 0.997
1.14 1.16 2.254 0.001 0.010 0.036 0.757 2.172 0.000 0.009 0.017 0.700
1.16 1.18 1.751 0.001 0.008 0.026 0.497 1.649 0.003 0.009 0.015 0.471
1.18 1.2 1.350 0.001 0.006 0.020 0.283 1.294 0.000 0.003 0.006 0.272
1.2 1.22 1.014 0.002 0.004 0.017 0.203 1.023 0.000 0.003 0.024 0.189
1.22 1.24 0.781 0.002 0.006 0.011 0.140 0.760 0.000 0.015 0.015 0.119
1.24 1.26 0.612 0.001 0.002 0.006 0.101 0.546 0.003 0.000 0.015 0.073
1.26 1.28 0.472 0.002 0.004 0.009 0.061 0.401 0.000 0.009 0.003 0.043
1.28 1.3 0.370 0.002 0.004 0.007 0.048 0.328 0.000 0.000 0.011 0.032
1.3 1.32 0.307 0.003 0.009 0.011 0.046 0.335 0.006 0.003 0.023 0.070
1.32 1.34 0.223 0.002 0.004 0.010 0.033 0.221 0.003 0.006 0.015 0.056
1.34 1.36 0.156 0.000 0.002 0.005 0.019 0.200 0.000 0.003 0.000 0.015
1.36 1.38 0.104 0.001 0.001 0.008 0.015 0.132 0.000 0.000 0.006 0.020
1.38 1.4 0.086 0.001 0.003 0.004 0.010 0.064 0.000 0.000 0.003 0.005
1.4 1.42 0.066 0.001 0.002 0.002 0.007 0.038 0.000 0.000 0.000 0.000
1.42 1.44 0.042 0.000 0.001 0.003 0.006 0.067 0.006 0.003 0.000 0.012
1.44 1.46 0.019 0.001 0.000 0.001 0.002 0.021 0.000 0.000 0.003 0.000
1.46 1.48 0.000 0.000 0.000 0.000 0.000 0.000 0.000 0.000 0.000 0.000
