7.049999999999999822e+00 1.445879562747278539e-07 1.445879562747278539e-07
7.149999999999999467e+00 0.000000000000000000e+00 0.000000000000000000e+00
7.249999999999999112e+00 2.742918582270572596e-07 2.742918582270572596e-07
7.349999999999998757e+00 0.000000000000000000e+00 0.000000000000000000e+00
7.449999999999998401e+00 0.000000000000000000e+00 0.000000000000000000e+00
7.549999999999998046e+00 0.000000000000000000e+00 0.000000000000000000e+00
7.649999999999997691e+00 0.000000000000000000e+00 0.000000000000000000e+00
7.749999999999997335e+00 0.000000000000000000e+00 0.000000000000000000e+00
7.849999999999996980e+00 0.000000000000000000e+00 0.000000000000000000e+00
7.949999999999996625e+00 0.000000000000000000e+00 0.000000000000000000e+00
8.049999999999997158e+00 2.891759125494556548e-07 2.044782487195282168e-07
8.149999999999995026e+00 8.796779860748148199e-07 3.592982748517737182e-07
8.249999999999996447e+00 3.103074454127554549e-06 6.786235728352365427e-07
8.349999999999994316e+00 1.031253990442394916e-05 1.406036729319820267e-06
8.449999999999995737e+00 2.149169578381258247e-05 1.826592736231762109e-06
8.549999999999993605e+00 2.894963258519529586e-05 2.120358927225150928e-06
8.649999999999995026e+00 4.361579642423398418e-05 2.679150337903660339e-06
8.749999999999992895e+00 4.739450502477316786e-05 2.736115036252905679e-06
8.849999999999994316e+00 6.129680196476766912e-05 3.856312277576797456e-06
8.949999999999992184e+00 7.259302008587410000e-05 3.505913698971741713e-06
9.049999999999993605e+00 7.373826816401874589e-05 3.503344054907416144e-06
9.149999999999991473e+00 9.196820145228523028e-05 4.016303569326308128e-06
9.249999999999992895e+00 1.078690293389469553e-04 6.308503453766552497e-06
9.349999999999990763e+00 1.053310353668339443e-04 4.352397454623114188e-06
9.449999999999992184e+00 1.247886668143766359e-04 4.453072747799807588e-06
9.549999999999990052e+00 1.441949337263072600e-04 5.091136684375712404e-06
9.649999999999991473e+00 1.498910878260513414e-04 4.982061646297341718e-06
9.749999999999989342e+00 1.735067917493787076e-04 5.365575505756081415e-06
9.849999999999990763e+00 1.885167470590681804e-04 5.843488146681467680e-06
9.949999999999988631e+00 1.909764673347466211e-04 7.592502415841022102e-06
1.004999999999999005e+01 1.821113687030681224e-04 5.783075402405858461e-06
1.014999999999998792e+01 1.541773242880058160e-04 5.164508794728695443e-06
1.024999999999998934e+01 1.207780228986378483e-04 4.648734604594205275e-06
1.034999999999998721e+01 1.111414926668832944e-04 5.022899345165912861e-06
1.044999999999998863e+01 8.352259343099941314e-05 3.749469548038813933e-06
1.054999999999998650e+01 6.295786308486613634e-05 3.262063273340718728e-06
1.064999999999998792e+01 4.409430266098334059e-05 5.297508289383253180e-06
1.074999999999998579e+01 3.413885773897979521e-05 2.268859654284964718e-06
1.084999999999998721e+01 2.527113605707990147e-05 4.219012341960770361e-06
1.094999999999998508e+01 1.807891406832114452e-05 3.169632216879078406e-06
1.104999999999998650e+01 9.212562526613495283e-06 1.297864611365532992e-06
1.114999999999998437e+01 7.704712246948861406e-06 2.265857282340929096e-06
1.124999999999998579e+01 2.314536893804042138e-06 5.786352571190188746e-07
1.134999999999998366e+01 3.286089915334628540e-06 1.762128757773958629e-06
1.144999999999998508e+01 8.874067254058440924e-07 3.626259815164242267e-07
1.154999999999998295e+01 1.445879562747278539e-07 1.445879562747278539e-07
1.164999999999998437e+01 1.636126873637570024e-07 1.636126873635039777e-07
1.174999999999998224e+01 0.000000000000000000e+00 0.000000000000000000e+00
1.184999999999998366e+01 0.000000000000000000e+00 0.000000000000000000e+00
1.194999999999998153e+01 0.000000000000000000e+00 0.000000000000000000e+00
1.204999999999998295e+01 1.445879562747278539e-07 1.445879562747278539e-07
1.214999999999998082e+01 0.000000000000000000e+00 0.000000000000000000e+00
1.224999999999998224e+01 2.331480794928934877e-07 2.331480794929399686e-07
1.234999999999998010e+01 0.000000000000000000e+00 0.000000000000000000e+00
1.244999999999998153e+01 2.119527995389462368e-07 2.119527995390526453e-07
1.254999999999997939e+01 0.000000000000000000e+00 0.000000000000000000e+00
1.264999999999998082e+01 0.000000000000000000e+00 0.000000000000000000e+00
1.274999999999997868e+01 0.000000000000000000e+00 0.000000000000000000e+00
1.284999999999998010e+01 0.000000000000000000e+00 0.000000000000000000e+00
1.294999999999997797e+01 0.000000000000000000e+00 0.000000000000000000e+00
