7.049999999999999822e+00 2.083758662502048534e-07 2.083758662502048534e-07
7.149999999999999467e+00 0.000000000000000000e+00 0.000000000000000000e+00
7.249999999999999112e+00 0.000000000000000000e+00 0.000000000000000000e+00
7.349999999999998757e+00 0.000000000000000000e+00 0.000000000000000000e+00
7.449999999999998401e+00 0.000000000000000000e+00 0.000000000000000000e+00
7.549999999999998046e+00 0.000000000000000000e+00 0.000000000000000000e+00
7.649999999999997691e+00 0.000000000000000000e+00 0.000000000000000000e+00
7.749999999999997335e+00 6.251275987506144543e-07 3.609175874165316417e-07
7.849999999999996980e+00 1.458631063751433868e-06 5.513107213256992556e-07
7.949999999999996625e+00 1.145693698854308986e-05 1.652868983642696962e-06
8.049999999999997158e+00 2.072240889075104364e-05 2.270653778288844125e-06
8.149999999999995026e+00 2.866108742119597284e-05 2.511301508142971074e-06
8.249999999999996447e+00 5.383387810584710007e-05 3.675478967732741778e-06
8.349999999999994316e+00 8.783931436335066904e-05 7.303081795410410054e-06
8.449999999999995737e+00 1.066996837803013990e-04 5.277124660511417249e-06
8.549999999999993605e+00 1.201250758979496879e-04 5.482060591198091653e-06
8.649999999999995026e+00 1.592771216168445652e-04 6.854329470460193984e-06
8.749999999999992895e+00 2.151396906515085734e-04 7.950545598155086616e-06
8.849999999999994316e+00 2.718508060625782511e-04 9.151255845500092247e-06
8.949999999999992184e+00 3.704321590017439205e-04 2.853838404043837674e-05
9.049999999999993605e+00 4.709613873338093330e-04 1.150298660879079540e-05
9.149999999999991473e+00 5.714601918725819305e-04 1.222113380368494609e-05
9.249999999999992895e+00 7.127479166113631030e-04 1.626832096166346044e-05
9.349999999999990763e+00 8.248293437522165924e-04 1.473148150926155197e-05
9.449999999999992184e+00 9.484584453554569449e-04 3.146575373333135517e-05
9.549999999999990052e+00 1.027593438172046646e-03 2.206802091965297564e-05
9.649999999999991473e+00 9.960765657710938560e-04 1.914872350090073426e-05
9.749999999999989342e+00 9.682852004922254049e-04 2.061120836967594784e-05
9.849999999999990763e+00 8.474532243971000418e-04 1.805110171960815340e-05
9.949999999999988631e+00 6.713058023181785530e-04 3.273895193539118787e-05
1.004999999999999005e+01 4.668246450778183797e-04 1.495529404497677106e-05
1.014999999999998792e+01 2.883920291704777190e-04 1.633641795140365057e-05
1.024999999999998934e+01 1.542661955078025097e-04 7.936558832166866459e-06
1.034999999999998721e+01 7.936368331348284220e-05 8.279322619896926227e-06
1.044999999999998863e+01 3.758502810625160629e-05 3.511054996958692167e-06
1.054999999999998650e+01 2.593729095819269519e-05 9.177150566630278513e-06
1.064999999999998792e+01 7.832159440955740722e-06 1.430098020205611840e-06
1.074999999999998579e+01 3.263501800251888049e-06 8.474948516704749597e-07
1.084999999999998721e+01 2.302164717878467585e-06 6.941749525250662397e-07
1.094999999999998508e+01 1.503844695108182343e-06 5.699391573748657527e-07
1.104999999999998650e+01 2.083758662502048534e-07 2.083758662502048534e-07
1.114999999999998437e+01 6.267555352056943658e-07 3.618599182304204962e-07
1.124999999999998579e+01 0.000000000000000000e+00 0.000000000000000000e+00
1.134999999999998366e+01 1.167102964194950529e-06 5.899698299523190333e-07
1.144999999999998508e+01 4.167517325004097068e-07 2.946879761222817696e-07
1.154999999999998295e+01 5.973441499176581736e-07 5.973441499174560504e-07
1.164999999999998437e+01 0.000000000000000000e+00 0.000000000000000000e+00
1.174999999999998224e+01 3.536906150827441540e-07 3.536906150829111783e-07
1.184999999999998366e+01 0.000000000000000000e+00 0.000000000000000000e+00
1.194999999999998153e+01 0.000000000000000000e+00 0.000000000000000000e+00
1.204999999999998295e+01 0.000000000000000000e+00 0.000000000000000000e+00
1.214999999999998082e+01 0.000000000000000000e+00 0.000000000000000000e+00
1.224999999999998224e+01 0.000000000000000000e+00 0.000000000000000000e+00
1.234999999999998010e+01 0.000000000000000000e+00 0.000000000000000000e+00
1.244999999999998153e+01 0.000000000000000000e+00 0.000000000000000000e+00
1.254999999999997939e+01 0.000000000000000000e+00 0.000000000000000000e+00
1.264999999999998082e+01 0.000000000000000000e+00 0.000000000000000000e+00
1.274999999999997868e+01 0.000000000000000000e+00 0.000000000000000000e+00
1.284999999999998010e+01 0.000000000000000000e+00 0.000000000000000000e+00
1.294999999999997797e+01 0.000000000000000000e+00 0.000000000000000000e+00
