7.450000000000000178e+00 2.216591959663541389e-01
7.549999999999999822e+00 2.193400031223948499e-01
7.649999999999999467e+00 2.168302883795840685e-01
7.749999999999999112e+00 2.141454612614409614e-01
7.849999999999998757e+00 2.113283949573930287e-01
7.949999999999998401e+00 2.084234805423828274e-01
8.049999999999997158e+00 2.054472863823401663e-01
8.149999999999998579e+00 2.023739774619275067e-01
8.249999999999996447e+00 1.991536513954859089e-01
8.349999999999997868e+00 1.957434654716798117e-01
8.449999999999995737e+00 1.921223713576112602e-01
8.549999999999997158e+00 1.882871849780684004e-01
8.649999999999995026e+00 1.842492591034266547e-01
8.749999999999996447e+00 1.800475719738816593e-01
8.849999999999994316e+00 1.757436826577978561e-01
8.949999999999995737e+00 1.713848740032472007e-01
9.049999999999993605e+00 1.669794744377081364e-01
9.149999999999995026e+00 1.625005829598754892e-01
9.249999999999992895e+00 1.579101116442306885e-01
9.349999999999994316e+00 1.531883296131071881e-01
9.449999999999992184e+00 1.483493945665033675e-01
9.549999999999993605e+00 1.434322398826653466e-01
9.649999999999991473e+00 1.384617686119332669e-01
9.749999999999992895e+00 1.334132931577073355e-01
9.849999999999990763e+00 1.282168014696834502e-01
9.949999999999992184e+00 1.227840274984422497e-01
1.004999999999999005e+01 1.170245480068454191e-01
1.014999999999999147e+01 1.108397418328501277e-01
1.024999999999998934e+01 1.041175321593858921e-01
1.034999999999999076e+01 9.676772120702098468e-02
1.044999999999998863e+01 8.879961782573261853e-02
1.054999999999999005e+01 8.037653782290897497e-02
1.064999999999998792e+01 7.177811760828212151e-02
1.074999999999998934e+01 6.329272448719962252e-02
1.084999999999998721e+01 5.512991822328104641e-02
1.094999999999998863e+01 4.740365240240349692e-02
1.104999999999998650e+01 4.016671858073751766e-02
1.114999999999998792e+01 3.345482660904391253e-02
1.124999999999998579e+01 2.731479986245891750e-02
1.134999999999998721e+01 2.181091762040970189e-02
1.144999999999998508e+01 1.701349832262476908e-02
1.154999999999998650e+01 1.297714061826708669e-02
1.164999999999998437e+01 9.717605349325197928e-03
1.174999999999998579e+01 7.197372021740542150e-03
1.184999999999998366e+01 5.327455746045935137e-03
1.194999999999998508e+01 3.985168708673653484e-03
1.204999999999998295e+01 3.038903823407063803e-03
