7.049999999999999822e+00 0.000000000000000000e+00 0.000000000000000000e+00
7.149999999999999467e+00 0.000000000000000000e+00 0.000000000000000000e+00
7.249999999999999112e+00 0.000000000000000000e+00 0.000000000000000000e+00
7.349999999999998757e+00 0.000000000000000000e+00 0.000000000000000000e+00
7.449999999999998401e+00 0.000000000000000000e+00 0.000000000000000000e+00
7.549999999999998046e+00 0.000000000000000000e+00 0.000000000000000000e+00
7.649999999999997691e+00 0.000000000000000000e+00 0.000000000000000000e+00
7.749999999999997335e+00 0.000000000000000000e+00 0.000000000000000000e+00
7.849999999999996980e+00 0.000000000000000000e+00 0.000000000000000000e+00
7.949999999999996625e+00 0.000000000000000000e+00 0.000000000000000000e+00
8.049999999999997158e+00 0.000000000000000000e+00 0.000000000000000000e+00
8.149999999999995026e+00 0.000000000000000000e+00 0.000000000000000000e+00
8.249999999999996447e+00 0.000000000000000000e+00 0.000000000000000000e+00
8.349999999999994316e+00 0.000000000000000000e+00 0.000000000000000000e+00
8.449999999999995737e+00 0.000000000000000000e+00 0.000000000000000000e+00
8.549999999999993605e+00 0.000000000000000000e+00 0.000000000000000000e+00
8.649999999999995026e+00 0.000000000000000000e+00 0.000000000000000000e+00
8.749999999999992895e+00 0.000000000000000000e+00 0.000000000000000000e+00
8.849999999999994316e+00 0.000000000000000000e+00 0.000000000000000000e+00
8.949999999999992184e+00 0.000000000000000000e+00 0.000000000000000000e+00
9.049999999999993605e+00 0.000000000000000000e+00 0.000000000000000000e+00
9.149999999999991473e+00 0.000000000000000000e+00 0.000000000000000000e+00
9.249999999999992895e+00 0.000000000000000000e+00 0.000000000000000000e+00
9.349999999999990763e+00 0.000000000000000000e+00 0.000000000000000000e+00
9.449999999999992184e+00 0.000000000000000000e+00 0.000000000000000000e+00
9.549999999999990052e+00 0.000000000000000000e+00 0.000000000000000000e+00
9.649999999999991473e+00 0.000000000000000000e+00 0.000000000000000000e+00
9.749999999999989342e+00 0.000000000000000000e+00 0.000000000000000000e+00
9.849999999999990763e+00 0.000000000000000000e+00 0.000000000000000000e+00
9.949999999999988631e+00 1.090311670670405346e-06 5.451558353352026729e-07
1.004999999999999005e+01 3.159884749257748808e-06 9.651087297017747240e-07
1.014999999999998792e+01 4.088668765014019676e-06 1.055689735670516407e-06
1.024999999999998934e+01 2.725779176676014529e-06 8.619670596954716553e-07
1.034999999999998721e+01 1.958059720492953206e-06 7.415241493355984252e-07
1.044999999999998863e+01 2.471222939515360299e-06 8.239161948033643156e-07
1.054999999999998650e+01 5.724136271019628224e-06 1.249108940485223948e-06
1.064999999999998792e+01 2.078021208463849418e-05 2.433591749445555755e-06
1.074999999999998579e+01 1.495823087429814493e-04 6.596484630184027025e-06
1.084999999999998721e+01 4.648542360651949034e-04 1.176343068395561868e-05
1.094999999999998508e+01 1.192424232502559394e-03 1.875913895729778064e-05
1.104999999999998650e+01 1.594228054195322110e-03 4.113991211438505215e-05
1.114999999999998437e+01 1.230793669309687092e-03 1.897844788637145753e-05
1.124999999999998579e+01 7.537354830952578679e-04 1.489078956208356218e-05
1.134999999999998366e+01 4.005671098808119709e-04 1.080082888915418633e-05
1.144999999999998508e+01 1.895709450740423426e-04 7.522159987635936632e-06
1.154999999999998295e+01 9.285232586819872893e-05 5.283724117181940182e-06
1.164999999999998437e+01 2.843812690330334744e-05 2.809226252919933764e-06
1.174999999999998224e+01 8.563739193535187640e-06 1.542163377065083319e-06
1.184999999999998366e+01 3.556809413467964666e-06 9.865641529105735353e-07
1.194999999999998153e+01 1.365019103319784801e-06 6.104580725593167885e-07
1.204999999999998295e+01 0.000000000000000000e+00 0.000000000000000000e+00
1.214999999999998082e+01 0.000000000000000000e+00 0.000000000000000000e+00
1.224999999999998224e+01 0.000000000000000000e+00 0.000000000000000000e+00
1.234999999999998010e+01 0.000000000000000000e+00 0.000000000000000000e+00
1.244999999999998153e+01 0.000000000000000000e+00 0.000000000000000000e+00
1.254999999999997939e+01 0.000000000000000000e+00 0.000000000000000000e+00
1.264999999999998082e+01 0.000000000000000000e+00 0.000000000000000000e+00
1.274999999999997868e+01 0.000000000000000000e+00 0.000000000000000000e+00
1.284999999999998010e+01 0.000000000000000000e+00 0.000000000000000000e+00
1.294999999999997797e+01 0.000000000000000000e+00 0.000000000000000000e+00
