7.450000000000000178e+00 2.238485622075378767e-01
7.549999999999999822e+00 2.217034385884654735e-01
7.649999999999999467e+00 2.193601274537387291e-01
7.749999999999999112e+00 2.168324557946934017e-01
7.849999999999998757e+00 2.141621207303903152e-01
7.949999999999998401e+00 2.113998466699890388e-01
8.049999999999997158e+00 2.085737720438713971e-01
8.149999999999998579e+00 2.056665464856208270e-01
8.249999999999996447e+00 2.026262209890932753e-01
8.349999999999997868e+00 1.993939818951293852e-01
8.449999999999995737e+00 1.959232998968777617e-01
8.549999999999997158e+00 1.921936718212535200e-01
8.649999999999995026e+00 1.882304134328883216e-01
8.749999999999996447e+00 1.841180726821417535e-01
8.849999999999994316e+00 1.799578748574312548e-01
8.949999999999995737e+00 1.757883931997998861e-01
9.049999999999993605e+00 1.715642208465787966e-01
9.149999999999995026e+00 1.672084260466552286e-01
9.249999999999992895e+00 1.626735062573763102e-01
9.349999999999994316e+00 1.579590742620567978e-01
9.449999999999992184e+00 1.530957163469853499e-01
9.549999999999993605e+00 1.481312836307344116e-01
9.649999999999991473e+00 1.431159389448549701e-01
9.749999999999992895e+00 1.380764744023368629e-01
9.849999999999990763e+00 1.329889619480869589e-01
9.949999999999992184e+00 1.277606642359512545e-01
1.004999999999999005e+01 1.222375503238784938e-01
1.014999999999999147e+01 1.162384311712965496e-01
1.024999999999998934e+01 1.096009581153734591e-01
1.034999999999999076e+01 1.022311548603075104e-01
1.044999999999998863e+01 9.415183428397003174e-02
1.054999999999999005e+01 8.552816364800519544e-02
1.064999999999998792e+01 7.663383405939416804e-02
1.074999999999998934e+01 6.776049966954202086e-02
1.084999999999998721e+01 5.913298533105743743e-02
1.094999999999998863e+01 5.088468901394202493e-02
1.104999999999998650e+01 4.308806744788144794e-02
1.114999999999998792e+01 3.580142938903701361e-02
1.124999999999998579e+01 2.910093332618611875e-02
1.134999999999998721e+01 2.308611368370346723e-02
1.144999999999998508e+01 1.786088827474479473e-02
1.154999999999998650e+01 1.350041548886679078e-02
1.164999999999998437e+01 1.001999579627243543e-02
1.174999999999998579e+01 7.362328898173433646e-03
1.184999999999998366e+01 5.409932297139261222e-03
1.194999999999998508e+01 4.014993372565476420e-03
1.204999999999998295e+01 3.030867223752023443e-03
