1.005000000000000071e+01 0.000000000000000000e+00
1.014999999999999858e+01 0.000000000000000000e+00
1.025000000000000000e+01 0.000000000000000000e+00
1.034999999999999787e+01 1.969312692638782930e-07
1.044999999999999929e+01 0.000000000000000000e+00
1.054999999999999716e+01 3.579880926000639532e-08
1.064999999999999858e+01 8.001456265040237956e-08
1.074999999999999645e+01 4.060579789885298492e-07
1.084999999999999787e+01 5.993640747167256599e-07
1.094999999999999574e+01 3.238078599463232097e-06
1.104999999999999716e+01 7.985094490284802253e-06
1.114999999999999503e+01 2.707529235555043430e-05
1.124999999999999645e+01 7.704652221716291199e-05
1.134999999999999432e+01 2.013069250279981019e-04
1.144999999999999574e+01 4.508799325851969506e-04
1.154999999999999361e+01 8.779327088346510193e-04
1.164999999999999503e+01 1.693404034830356831e-03
1.174999999999999289e+01 2.784086377203403347e-03
1.184999999999999432e+01 4.235472078658767542e-03
1.194999999999999218e+01 6.473630603579412328e-03
1.204999999999999361e+01 9.234189062708916471e-03
1.214999999999999147e+01 1.268780948139665646e-02
1.224999999999999289e+01 1.694796535513678690e-02
1.234999999999999076e+01 2.132375736281905479e-02
1.244999999999999218e+01 2.555108892521093522e-02
1.254999999999999005e+01 2.948618863603835738e-02
1.264999999999999147e+01 3.391626722588375609e-02
1.274999999999998934e+01 3.636498442983539248e-02
1.284999999999999076e+01 3.885409111887651312e-02
1.294999999999998863e+01 4.113036662892972234e-02
1.304999999999999005e+01 4.259522119706647680e-02
1.314999999999998792e+01 4.471728594507269616e-02
1.324999999999998934e+01 4.595832379207694107e-02
1.334999999999998721e+01 4.909747292418772946e-02
1.344999999999998863e+01 4.849047840222945466e-02
1.354999999999998650e+01 5.244252873563218925e-02
1.364999999999998792e+01 5.409663865546218003e-02
1.374999999999998579e+01 5.431034482758621135e-02
1.384999999999998721e+01 6.106870229007632656e-02
1.394999999999998508e+01 6.777251184834123809e-02
1.404999999999998650e+01 6.239999999999999020e-02
1.414999999999998437e+01 8.653846153846153633e-02
1.424999999999998579e+01 9.189189189189189699e-02
1.434999999999998366e+01 1.818181818181818232e-01
1.444999999999998508e+01 1.000000000000000056e-01
1.454999999999998295e+01 nan
1.464999999999998437e+01 2.000000000000000111e-01
1.474999999999998224e+01 nan
1.484999999999998366e+01 nan
1.494999999999998153e+01 nan
