1.005000000000000071e+01 0.000000000000000000e+00
1.014999999999999858e+01 0.000000000000000000e+00
1.025000000000000000e+01 0.000000000000000000e+00
1.034999999999999787e+01 0.000000000000000000e+00
1.044999999999999929e+01 0.000000000000000000e+00
1.054999999999999716e+01 0.000000000000000000e+00
1.064999999999999858e+01 1.621401198701906191e-07
1.074999999999999645e+01 4.512806627261660146e-06
1.084999999999999787e+01 4.190574819221251678e-05
1.094999999999999574e+01 2.430717038950170933e-04
1.104999999999999716e+01 9.117869215249484053e-04
1.114999999999999503e+01 2.725047147424333564e-03
1.124999999999999645e+01 6.754793724578732339e-03
1.134999999999999432e+01 1.452322970580454189e-02
1.144999999999999574e+01 2.543712904186814019e-02
1.154999999999999361e+01 3.504665619933876319e-02
1.164999999999999503e+01 3.704840121469131498e-02
1.174999999999999289e+01 2.922083512699095650e-02
1.184999999999999432e+01 1.781395170269128858e-02
1.194999999999999218e+01 9.046682167769628385e-03
1.204999999999999361e+01 4.722494141378185024e-03
1.214999999999999147e+01 2.651035646797659205e-03
1.224999999999999289e+01 1.753138794932064624e-03
1.234999999999999076e+01 1.080762992837971861e-03
1.244999999999999218e+01 8.288378407345217344e-04
1.254999999999999005e+01 6.109609575507051957e-04
1.264999999999999147e+01 5.483520877363340373e-04
1.274999999999998934e+01 3.726887867713572452e-04
1.284999999999999076e+01 2.848348417328984200e-04
1.294999999999998863e+01 2.747580934177517253e-04
1.304999999999999005e+01 1.998462720983858393e-04
1.314999999999998792e+01 2.024906348081401304e-04
1.324999999999998934e+01 9.330845107971207054e-05
1.334999999999998721e+01 1.554404145077720081e-04
1.344999999999998863e+01 6.915629322268326243e-05
1.354999999999998650e+01 9.505703422053231343e-05
1.364999999999998792e+01 4.353504571179799676e-05
1.374999999999998579e+01 6.161429451632778544e-05
1.384999999999998721e+01 0.000000000000000000e+00
1.394999999999998508e+01 0.000000000000000000e+00
1.404999999999998650e+01 0.000000000000000000e+00
1.414999999999998437e+01 0.000000000000000000e+00
1.424999999999998579e+01 0.000000000000000000e+00
1.434999999999998366e+01 0.000000000000000000e+00
1.444999999999998508e+01 0.000000000000000000e+00
1.454999999999998295e+01 0.000000000000000000e+00
1.464999999999998437e+01 0.000000000000000000e+00
1.474999999999998224e+01 0.000000000000000000e+00
1.484999999999998366e+01 0.000000000000000000e+00
1.494999999999998153e+01 0.000000000000000000e+00
