7.049999999999999822e+00 0.000000000000000000e+00 0.000000000000000000e+00
7.149999999999999467e+00 0.000000000000000000e+00 0.000000000000000000e+00
7.249999999999999112e+00 0.000000000000000000e+00 0.000000000000000000e+00
7.349999999999998757e+00 1.497865707931510557e-07 1.497865707931510557e-07
7.449999999999998401e+00 0.000000000000000000e+00 0.000000000000000000e+00
7.549999999999998046e+00 0.000000000000000000e+00 0.000000000000000000e+00
7.649999999999997691e+00 0.000000000000000000e+00 0.000000000000000000e+00
7.749999999999997335e+00 0.000000000000000000e+00 0.000000000000000000e+00
7.849999999999996980e+00 0.000000000000000000e+00 0.000000000000000000e+00
7.949999999999996625e+00 1.509567783774725386e-07 1.509567783774725386e-07
8.049999999999997158e+00 2.995731415863021114e-07 2.118301998770319348e-07
8.149999999999995026e+00 3.344718683896547571e-06 7.147288089691477935e-07
8.249999999999996447e+00 9.742565907684609089e-06 1.275834374286456903e-06
8.349999999999994316e+00 1.712395895888977959e-05 1.721865477634215711e-06
8.449999999999995737e+00 3.286152394420946616e-05 2.488375420821101835e-06
8.549999999999993605e+00 4.699356221151029963e-05 2.912650953516282610e-06
8.649999999999995026e+00 5.588220873909531544e-05 3.119270824973230245e-06
8.749999999999992895e+00 7.935623842146097696e-05 5.316163856465911522e-06
8.849999999999994316e+00 8.938081942575610509e-05 4.425293594290135953e-06
8.949999999999992184e+00 1.027762090042384427e-04 4.349630366081879363e-06
9.049999999999993605e+00 1.240901965744011111e-04 4.764561231786949256e-06
9.149999999999991473e+00 1.377783011927148876e-04 5.532123661247695417e-06
9.249999999999992895e+00 1.454623552966548738e-04 5.287673650932875632e-06
9.349999999999990763e+00 1.740538650012147756e-04 5.858845822212466477e-06
9.449999999999992184e+00 1.870163764384384446e-04 5.979675514953191176e-06
9.549999999999990052e+00 2.167882219090762504e-04 6.257788882581830050e-06
9.649999999999991473e+00 2.413159180101546043e-04 6.662979396173994752e-06
9.749999999999989342e+00 2.651624068641419258e-04 7.330868930589457145e-06
9.849999999999990763e+00 2.811655948251761978e-04 7.284997049673236518e-06
9.949999999999988631e+00 2.862623291765678578e-04 9.630135506384466742e-06
1.004999999999999005e+01 2.486134916283047028e-04 8.440236804092419962e-06
1.014999999999998792e+01 2.177368458262161455e-04 6.685201377236608681e-06
1.024999999999998934e+01 1.836305318265302178e-04 1.127883998842647613e-05
1.034999999999998721e+01 1.279054302143572920e-04 5.114679152109385092e-06
1.044999999999998863e+01 1.004489682262644341e-04 5.281529292490013766e-06
1.054999999999998650e+01 8.056084644526461584e-05 4.420239584771114298e-06
1.064999999999998792e+01 4.971175916011484993e-05 3.049835885153513340e-06
1.074999999999998579e+01 3.772595325280706863e-05 2.891886604144912414e-06
1.084999999999998721e+01 2.545889741012230396e-05 2.137524185312662128e-06
1.094999999999998508e+01 1.846610583272638082e-05 2.351524149742426170e-06
1.104999999999998650e+01 1.839474658868848897e-05 9.730566739401605639e-06
1.114999999999998437e+01 6.302609068731583080e-06 1.593670582065902018e-06
1.124999999999998579e+01 6.664126408175841437e-07 3.378073574702109383e-07
1.134999999999998366e+01 6.015051268070733663e-07 3.007595010990140662e-07
1.144999999999998508e+01 6.939479102567045370e-07 3.565549563683396139e-07
1.154999999999998295e+01 7.727724487495828026e-07 3.458504825419822284e-07
1.164999999999998437e+01 1.497865707931510557e-07 1.497865707931510557e-07
1.174999999999998224e+01 3.884295818871761747e-07 2.780198022506126113e-07
1.184999999999998366e+01 3.043663118515695800e-07 2.152461686900970331e-07
1.194999999999998153e+01 0.000000000000000000e+00 0.000000000000000000e+00
1.204999999999998295e+01 0.000000000000000000e+00 0.000000000000000000e+00
1.214999999999998082e+01 0.000000000000000000e+00 0.000000000000000000e+00
1.224999999999998224e+01 0.000000000000000000e+00 0.000000000000000000e+00
1.234999999999998010e+01 0.000000000000000000e+00 0.000000000000000000e+00
1.244999999999998153e+01 0.000000000000000000e+00 0.000000000000000000e+00
1.254999999999997939e+01 0.000000000000000000e+00 0.000000000000000000e+00
1.264999999999998082e+01 0.000000000000000000e+00 0.000000000000000000e+00
1.274999999999997868e+01 0.000000000000000000e+00 0.000000000000000000e+00
1.284999999999998010e+01 0.000000000000000000e+00 0.000000000000000000e+00
1.294999999999997797e+01 0.000000000000000000e+00 0.000000000000000000e+00
