1.165006770731401298e-01 6.160589315936546484e+01
1.549474780968614351e-01 5.403025151340498411e+01
2.060822440843366743e-01 4.657638060713374983e+01
2.740921752872102490e-01 4.168414171061846929e+01
3.645463047409858159e-01 4.222032463238713262e+01
4.848515217957365397e-01 3.689225448790837447e+01
6.448590895871766371e-01 3.382334922733223692e+01
8.576713214863194157e-01 2.913294031651507865e+01
1.140714471701101296e+00 2.423669178149131653e+01
1.517165694305051771e+00 2.119556266277434275e+01
2.017850918068533339e+00 1.819423154131840903e+01
2.683769045684297083e+00 1.591909276412945573e+01
3.569449172918817581e+00 1.350080653151400689e+01
4.747415735545228443e+00 1.130554736292016216e+01
6.314127215228745982e+00 9.381935757825376143e+00
8.397874698773046376e+00 7.661897769207770992e+00
1.116928706887600242e+01 6.108325733384672773e+00
1.485530305009045371e+01 4.682079609646421225e+00
1.975775421915398411e+01 3.417578704597880712e+00
2.627808066036861590e+01 2.479506492043032306e+00
