1.165006770731401298e-01 6.089665017575371309e+01
1.549474780968614351e-01 4.849549190120136188e+01
2.060822440843366743e-01 4.868106175511446310e+01
2.740921752872102490e-01 4.345937004401000081e+01
3.645463047409858159e-01 4.168886210289662841e+01
4.848515217957365397e-01 3.713686216431151621e+01
6.448590895871766371e-01 3.387601709334677480e+01
8.576713214863194157e-01 2.865249979269037794e+01
1.140714471701101296e+00 2.459011593357420367e+01
1.517165694305051771e+00 2.176243837211462306e+01
2.017850918068533339e+00 1.884301040369692259e+01
2.683769045684297083e+00 1.607961700604659327e+01
3.569449172918817581e+00 1.361082693905072460e+01
4.747415735545228443e+00 1.146106837272253998e+01
6.314127215228745982e+00 9.481272837648774043e+00
8.397874698773046376e+00 7.664586796571805749e+00
1.116928706887600242e+01 6.137806690119914421e+00
1.485530305009045371e+01 4.677585111352769331e+00
1.975775421915398411e+01 3.397301853903682112e+00
2.627808066036861590e+01 2.417729643127290107e+00
