1.005000000000000071e+01 1.077118021730808434e-39
1.014999999999999858e+01 2.722699010202777455e-33
1.025000000000000000e+01 1.522767052004014048e-27
1.034999999999999787e+01 1.885621136459991841e-22
1.044999999999999929e+01 5.179024190928161830e-18
1.054999999999999716e+01 3.170121988640931938e-14
1.064999999999999858e+01 4.377469079138225265e-11
1.074999999999999645e+01 1.541404915762598308e-08
1.084999999999999787e+01 1.155918939354267089e-06
1.094999999999999574e+01 2.610731573490048709e-05
1.104999999999999716e+01 2.318345355455252610e-04
1.114999999999999503e+01 1.091283152893157303e-03
1.124999999999999645e+01 3.436361757595872944e-03
1.134999999999999432e+01 8.259934007171369427e-03
1.144999999999999574e+01 1.690414338375660283e-02
1.154999999999999361e+01 3.128792508849453230e-02
1.164999999999999503e+01 4.982945709228490255e-02
1.174999999999999289e+01 6.398659886174573597e-02
1.184999999999999432e+01 6.479176433023083048e-02
1.194999999999999218e+01 5.350388182733302467e-02
1.204999999999999361e+01 3.881571598936851830e-02
1.214999999999999147e+01 2.692390296410057324e-02
1.224999999999999289e+01 1.899338302432435760e-02
1.234999999999999076e+01 1.402244346566999811e-02
1.244999999999999218e+01 1.087711168398708406e-02
1.254999999999999005e+01 8.794167554529132985e-03
1.264999999999999147e+01 7.332724436758750360e-03
1.274999999999998934e+01 6.250422844922031915e-03
1.284999999999999076e+01 5.414855519843687730e-03
1.294999999999998863e+01 4.752857430327603501e-03
1.304999999999999005e+01 4.223534939075630767e-03
1.314999999999998792e+01 3.804544142525761573e-03
1.324999999999998934e+01 3.485239745058767071e-03
1.334999999999998721e+01 3.263306499639379455e-03
1.344999999999998863e+01 3.143520496561454623e-03
1.354999999999998650e+01 3.136705953506718075e-03
1.364999999999998792e+01 3.260176425531935689e-03
1.374999999999998579e+01 3.535351753022237392e-03
1.384999999999998721e+01 3.992244961423137110e-03
1.394999999999998508e+01 4.661044883809885124e-03
1.404999999999998650e+01 5.575299816893203829e-03
1.414999999999998437e+01 6.766025840087523148e-03
1.424999999999998579e+01 8.257091583143059271e-03
1.434999999999998366e+01 1.005895474003054568e-02
1.444999999999998508e+01 1.216168830112049869e-02
1.454999999999998295e+01 1.452831535743272576e-02
1.464999999999998437e+01 1.708974879206945699e-02
1.474999999999998224e+01 1.974297928036225155e-02
1.484999999999998366e+01 2.224053324377014279e-02
1.494999999999998153e+01 2.462712648498499579e-02
