1.005000000000000071e+01 4.430813458313679030e-09
1.014999999999999858e+01 7.014682847522057985e-08
1.025000000000000000e+01 5.672395965987596422e-08
1.034999999999999787e+01 6.825177014349253703e-08
1.044999999999999929e+01 8.451576626198543646e-08
1.054999999999999716e+01 1.639794624033882945e-07
1.064999999999999858e+01 3.326447078793643746e-07
1.074999999999999645e+01 1.013948848924794278e-06
1.084999999999999787e+01 3.165503543706991988e-06
1.094999999999999574e+01 8.915379172232501708e-06
1.104999999999999716e+01 2.912354878812584228e-05
1.114999999999999503e+01 8.393772860446389135e-05
1.124999999999999645e+01 2.168384190984738204e-04
1.134999999999999432e+01 5.154705469005765525e-04
1.144999999999999574e+01 1.125251861400296000e-03
1.154999999999999361e+01 2.284655484086415504e-03
1.164999999999999503e+01 4.145956023105853289e-03
1.174999999999999289e+01 6.644407017564778369e-03
1.184999999999999432e+01 9.985019980735785478e-03
1.194999999999999218e+01 1.428419260221316933e-02
1.204999999999999361e+01 2.003072933050349669e-02
1.214999999999999147e+01 2.692704034475282282e-02
1.224999999999999289e+01 3.477180483516295606e-02
1.234999999999999076e+01 4.186906518824189127e-02
1.244999999999999218e+01 4.838267345278993159e-02
1.254999999999999005e+01 5.426992463985597787e-02
1.264999999999999147e+01 5.907749096573140096e-02
1.274999999999998934e+01 6.335872860262727058e-02
1.284999999999999076e+01 6.741617338619002031e-02
1.294999999999998863e+01 7.132843880603689790e-02
1.304999999999999005e+01 7.505664658342744988e-02
1.314999999999998792e+01 7.885733236783988576e-02
1.324999999999998934e+01 8.196240920544156650e-02
1.334999999999998721e+01 8.392879244644893544e-02
1.344999999999998863e+01 8.759967144589132781e-02
1.354999999999998650e+01 9.022731070937461961e-02
1.364999999999998792e+01 9.230513290513661651e-02
1.374999999999998579e+01 9.875879593300410098e-02
1.384999999999998721e+01 1.064335181418146203e-01
1.394999999999998508e+01 1.174689249827217535e-01
1.404999999999998650e+01 1.240953153786529539e-01
1.414999999999998437e+01 1.384728627659162492e-01
1.424999999999998579e+01 1.674760546285544716e-01
1.434999999999998366e+01 1.872533485954570032e-01
1.444999999999998508e+01 2.326172980432771320e-01
1.454999999999998295e+01 3.174854096988776186e-01
1.464999999999998437e+01 3.364474304542431904e-01
1.474999999999998224e+01 4.501764269212023550e-01
