1.005000000000000071e+01 1.425266460934745287e-08
1.014999999999999858e+01 1.353203088376225260e-08
1.025000000000000000e+01 3.616410074980951218e-09
1.034999999999999787e+01 3.519204989233698831e-08
1.044999999999999929e+01 4.661706613877103001e-08
1.054999999999999716e+01 5.529159533548728054e-08
1.064999999999999858e+01 7.661427691396207182e-08
1.074999999999999645e+01 2.050003110160295816e-07
1.084999999999999787e+01 5.235833773848125754e-07
1.094999999999999574e+01 1.871899165499549183e-06
1.104999999999999716e+01 5.824440234901815362e-06
1.114999999999999503e+01 2.035445331556477516e-05
1.124999999999999645e+01 5.796178044053279283e-05
1.134999999999999432e+01 1.399423714623845567e-04
1.144999999999999574e+01 2.981185973950520405e-04
1.154999999999999361e+01 5.723271907290016815e-04
1.164999999999999503e+01 1.036934174210022482e-03
1.174999999999999289e+01 1.741698165634671634e-03
1.184999999999999432e+01 2.779485418804774656e-03
1.194999999999999218e+01 4.126013271483910429e-03
1.204999999999999361e+01 5.888006550020514693e-03
1.214999999999999147e+01 8.109191628420402490e-03
1.224999999999999289e+01 1.070820987669733430e-02
1.234999999999999076e+01 1.382537370495301801e-02
1.244999999999999218e+01 1.684193775597343443e-02
1.254999999999999005e+01 1.995736733846997790e-02
1.264999999999999147e+01 2.251242926150193169e-02
1.274999999999998934e+01 2.500048082413825964e-02
1.284999999999999076e+01 2.726509371204239446e-02
1.294999999999998863e+01 2.882342174137389121e-02
1.304999999999999005e+01 3.060295257854698733e-02
1.314999999999998792e+01 3.181065626265797142e-02
1.324999999999998934e+01 3.310455227811886364e-02
1.334999999999998721e+01 3.380415860528929867e-02
1.344999999999998863e+01 3.450733450103996708e-02
1.354999999999998650e+01 3.665988753032775604e-02
1.364999999999998792e+01 3.770282605194658077e-02
1.374999999999998579e+01 3.826007747359591593e-02
1.384999999999998721e+01 4.079468711143756365e-02
1.394999999999998508e+01 4.363403002761787053e-02
1.404999999999998650e+01 5.124348725580669256e-02
1.414999999999998437e+01 5.349007313340165687e-02
1.424999999999998579e+01 6.107737402768537160e-02
1.434999999999998366e+01 6.442203751300484837e-02
