1.005000000000000071e+01 1.723532911550359062e-08
1.014999999999999858e+01 1.597649027503048718e-08
1.025000000000000000e+01 1.829290266474542416e-08
1.034999999999999787e+01 2.460431948512016635e-08
1.044999999999999929e+01 8.325807728236755664e-08
1.054999999999999716e+01 3.574827210726769416e-08
1.064999999999999858e+01 7.986435837373803605e-08
1.074999999999999645e+01 2.023916622730810083e-07
1.084999999999999787e+01 7.154466115852268745e-07
1.094999999999999574e+01 3.588790413144542896e-06
1.104999999999999716e+01 1.036908484640110975e-05
1.114999999999999503e+01 3.701813774847712501e-05
1.124999999999999645e+01 1.041846118507945074e-04
1.134999999999999432e+01 2.416766294759847865e-04
1.144999999999999574e+01 5.836704068901164355e-04
1.154999999999999361e+01 1.339567535001899177e-03
1.164999999999999503e+01 2.469192179477979615e-03
1.174999999999999289e+01 4.181485992691838863e-03
1.184999999999999432e+01 6.297449726558766378e-03
1.194999999999999218e+01 9.264787734655669654e-03
1.204999999999999361e+01 1.286504178715561567e-02
1.214999999999999147e+01 1.782431972448591390e-02
1.224999999999999289e+01 2.387714580139241316e-02
1.234999999999999076e+01 2.947876509382865717e-02
1.244999999999999218e+01 3.495443213862438336e-02
1.254999999999999005e+01 3.989783747342218190e-02
1.264999999999999147e+01 4.277940139070846026e-02
1.274999999999998934e+01 4.687812296328480732e-02
1.284999999999999076e+01 5.010354348826506765e-02
1.294999999999998863e+01 5.354780517137702756e-02
1.304999999999999005e+01 5.535858178887993752e-02
1.314999999999998792e+01 5.807091823233660050e-02
1.324999999999998934e+01 5.936166264613100541e-02
1.334999999999998721e+01 5.964597229348383989e-02
1.344999999999998863e+01 6.558988764044942910e-02
1.354999999999998650e+01 7.003628823224468392e-02
1.364999999999998792e+01 7.001510574018128541e-02
1.374999999999998579e+01 6.751740139211136194e-02
1.384999999999998721e+01 7.529411764705881693e-02
1.394999999999998508e+01 7.793296089385473580e-02
1.404999999999998650e+01 9.230769230769232669e-02
1.414999999999998437e+01 1.099999999999999867e-01
1.424999999999998579e+01 1.206349206349206227e-01
1.434999999999998366e+01 1.307692307692308042e-01
1.444999999999998508e+01 1.416666666666666630e-01
1.454999999999998295e+01 1.600000000000000033e-01
1.464999999999998437e+01 1.999999999999999833e-01
1.474999999999998224e+01 5.999999999999999778e-01
1.484999999999998366e+01 nan
1.494999999999998153e+01 nan
