7.049999999999999822e+00 0.000000000000000000e+00 0.000000000000000000e+00
7.149999999999999467e+00 0.000000000000000000e+00 0.000000000000000000e+00
7.249999999999999112e+00 0.000000000000000000e+00 0.000000000000000000e+00
7.349999999999998757e+00 0.000000000000000000e+00 0.000000000000000000e+00
7.449999999999998401e+00 0.000000000000000000e+00 0.000000000000000000e+00
7.549999999999998046e+00 0.000000000000000000e+00 0.000000000000000000e+00
7.649999999999997691e+00 0.000000000000000000e+00 0.000000000000000000e+00
7.749999999999997335e+00 0.000000000000000000e+00 0.000000000000000000e+00
7.849999999999996980e+00 1.755511228727571003e-07 1.755511228727571003e-07
7.949999999999996625e+00 3.511022457455142005e-07 2.482667788564787387e-07
8.049999999999997158e+00 2.899268169658138640e-06 7.276134837594247766e-07
8.149999999999995026e+00 7.419471474804934071e-06 1.228928286586988442e-06
8.249999999999996447e+00 8.889297287014481474e-06 1.276324408727406893e-06
8.349999999999994316e+00 1.729829471657124234e-05 1.816744739065200453e-06
8.449999999999995737e+00 2.598665618838206146e-05 2.263267167439994663e-06
8.549999999999993605e+00 4.591630038807245395e-05 3.094961465464080764e-06
8.649999999999995026e+00 5.804976958738804459e-05 3.317071690984736767e-06
8.749999999999992895e+00 8.615509876991100978e-05 5.732887634110201977e-06
8.849999999999994316e+00 1.136625678243042832e-04 4.931576607819939631e-06
8.949999999999992184e+00 1.444176866316097341e-04 5.415954041690302148e-06
9.049999999999993605e+00 2.067675536611326547e-04 7.071429972121217671e-06
9.149999999999991473e+00 2.696930057638463173e-04 7.442613612029535554e-06
9.249999999999992895e+00 3.454463259311280738e-04 8.595407592322860496e-06
9.349999999999990763e+00 4.303782110785915951e-04 9.586259236767939506e-06
9.449999999999992184e+00 5.130350072202852522e-04 1.039660309203475578e-05
9.549999999999990052e+00 5.794200500624850604e-04 1.187437536559910775e-05
9.649999999999991473e+00 6.310621899520900240e-04 2.569178938163190748e-05
9.749999999999989342e+00 6.039048193230754733e-04 1.631380612029206093e-05
9.849999999999990763e+00 5.574189915084494084e-04 1.176740440877805406e-05
9.949999999999988631e+00 4.934882694648939092e-04 1.553878577991742093e-05
1.004999999999999005e+01 3.798086866711682563e-04 9.724309196598134979e-06
1.014999999999998792e+01 2.630271144654739248e-04 8.315736139769646084e-06
1.024999999999998934e+01 1.762684573968507419e-04 6.487993847040855565e-06
1.034999999999998721e+01 1.029928533362357856e-04 4.949906184412767857e-06
1.044999999999998863e+01 7.699032658736277787e-05 2.286648305611599258e-05
1.054999999999998650e+01 2.610161166313312368e-05 2.309589107985427398e-06
1.064999999999998792e+01 1.687131919098983009e-05 1.886032896345973921e-06
1.074999999999998579e+01 6.345566322935764183e-06 1.119823428243673087e-06
1.084999999999998721e+01 4.068577160268742850e-06 8.748150602997447054e-07
1.094999999999998508e+01 7.022044914910284011e-07 3.511022457455142005e-07
1.104999999999998650e+01 1.420339901809091784e-06 5.023145932548836895e-07
1.114999999999998437e+01 1.004152422832375095e-06 4.630824334919606263e-07
1.124999999999998579e+01 3.511022457455142005e-07 2.482667788564787387e-07
1.134999999999998366e+01 5.414055638171473755e-07 3.128126377771845889e-07
1.144999999999998508e+01 3.511022457455142005e-07 2.482667788564787387e-07
1.154999999999998295e+01 0.000000000000000000e+00 0.000000000000000000e+00
1.164999999999998437e+01 1.755511228727571003e-07 1.755511228727571003e-07
1.174999999999998224e+01 1.755511228727571003e-07 1.755511228727571003e-07
1.184999999999998366e+01 1.755511228727571003e-07 1.755511228727571003e-07
1.194999999999998153e+01 1.755511228727571003e-07 1.755511228727571003e-07
1.204999999999998295e+01 0.000000000000000000e+00 0.000000000000000000e+00
1.214999999999998082e+01 0.000000000000000000e+00 0.000000000000000000e+00
1.224999999999998224e+01 0.000000000000000000e+00 0.000000000000000000e+00
1.234999999999998010e+01 0.000000000000000000e+00 0.000000000000000000e+00
1.244999999999998153e+01 0.000000000000000000e+00 0.000000000000000000e+00
1.254999999999997939e+01 0.000000000000000000e+00 0.000000000000000000e+00
1.264999999999998082e+01 0.000000000000000000e+00 0.000000000000000000e+00
1.274999999999997868e+01 0.000000000000000000e+00 0.000000000000000000e+00
1.284999999999998010e+01 0.000000000000000000e+00 0.000000000000000000e+00
1.294999999999997797e+01 0.000000000000000000e+00 0.000000000000000000e+00
