1.005000000000000071e+01 1.417483660979620088e-40
1.014999999999999858e+01 3.585897161006126307e-34
1.025000000000000000e+01 2.009618950628676192e-28
1.034999999999999787e+01 2.501457541816298042e-23
1.044999999999999929e+01 6.961853573323563882e-19
1.054999999999999716e+01 4.404111633003039038e-15
1.064999999999999858e+01 6.578109898281554967e-12
1.074999999999999645e+01 2.502838936617687681e-09
1.084999999999999787e+01 3.009156354066410549e-07
1.094999999999999574e+01 9.993990346744758665e-06
1.104999999999999716e+01 1.307334463543405431e-04
1.114999999999999503e+01 7.786194566393822656e-04
1.124999999999999645e+01 2.538266591579106408e-03
1.134999999999999432e+01 5.649954226611882471e-03
1.144999999999999574e+01 1.031991724852245225e-02
1.154999999999999361e+01 1.719941470528604799e-02
1.164999999999999503e+01 2.700297174254162602e-02
1.174999999999999289e+01 3.768759817862075978e-02
1.184999999999999432e+01 4.316285739445527986e-02
1.194999999999999218e+01 4.052041375763274639e-02
1.204999999999999361e+01 3.363000688653062370e-02
1.214999999999999147e+01 2.689040978026801393e-02
1.224999999999999289e+01 2.192516902993683209e-02
1.234999999999999076e+01 1.863987917793371793e-02
1.244999999999999218e+01 1.650050397698390667e-02
1.254999999999999005e+01 1.505425449273923785e-02
1.264999999999999147e+01 1.401508549823167991e-02
1.274999999999998934e+01 1.322012397618547476e-02
1.284999999999999076e+01 1.257988208517858870e-02
1.294999999999998863e+01 1.204659878656901689e-02
1.304999999999999005e+01 1.159701407664204958e-02
1.314999999999998792e+01 1.122374767394447234e-02
1.324999999999998934e+01 1.093067803176494754e-02
1.334999999999998721e+01 1.073055597901503497e-02
1.344999999999998863e+01 1.064319480706301183e-02
1.354999999999998650e+01 1.069373059871637881e-02
1.364999999999998792e+01 1.091072919865426066e-02
1.374999999999998579e+01 1.132494971400413962e-02
1.384999999999998721e+01 1.196148950599103949e-02
1.394999999999998508e+01 1.284250649072297794e-02
1.404999999999998650e+01 1.397855138069705599e-02
1.414999999999998437e+01 1.536426414205414176e-02
1.424999999999998579e+01 1.697317198200403582e-02
1.434999999999998366e+01 1.875343934118754718e-02
1.444999999999998508e+01 2.062580983358888384e-02
1.454999999999998295e+01 2.248495493335883957e-02
1.464999999999998437e+01 2.420513137293540951e-02
1.474999999999998224e+01 2.565034743042684043e-02
1.484999999999998366e+01 2.668824863998840030e-02
1.494999999999998153e+01 2.719117623393433464e-02
