7.049999999999999822e+00 0.000000000000000000e+00 0.000000000000000000e+00
7.149999999999999467e+00 0.000000000000000000e+00 0.000000000000000000e+00
7.249999999999999112e+00 0.000000000000000000e+00 0.000000000000000000e+00
7.349999999999998757e+00 0.000000000000000000e+00 0.000000000000000000e+00
7.449999999999998401e+00 0.000000000000000000e+00 0.000000000000000000e+00
7.549999999999998046e+00 0.000000000000000000e+00 0.000000000000000000e+00
7.649999999999997691e+00 0.000000000000000000e+00 0.000000000000000000e+00
7.749999999999997335e+00 0.000000000000000000e+00 0.000000000000000000e+00
7.849999999999996980e+00 0.000000000000000000e+00 0.000000000000000000e+00
7.949999999999996625e+00 0.000000000000000000e+00 0.000000000000000000e+00
8.049999999999997158e+00 0.000000000000000000e+00 0.000000000000000000e+00
8.149999999999995026e+00 0.000000000000000000e+00 0.000000000000000000e+00
8.249999999999996447e+00 0.000000000000000000e+00 0.000000000000000000e+00
8.349999999999994316e+00 0.000000000000000000e+00 0.000000000000000000e+00
8.449999999999995737e+00 0.000000000000000000e+00 0.000000000000000000e+00
8.549999999999993605e+00 0.000000000000000000e+00 0.000000000000000000e+00
8.649999999999995026e+00 0.000000000000000000e+00 0.000000000000000000e+00
8.749999999999992895e+00 0.000000000000000000e+00 0.000000000000000000e+00
8.849999999999994316e+00 0.000000000000000000e+00 0.000000000000000000e+00
8.949999999999992184e+00 0.000000000000000000e+00 0.000000000000000000e+00
9.049999999999993605e+00 0.000000000000000000e+00 0.000000000000000000e+00
9.149999999999991473e+00 0.000000000000000000e+00 0.000000000000000000e+00
9.249999999999992895e+00 0.000000000000000000e+00 0.000000000000000000e+00
9.349999999999990763e+00 0.000000000000000000e+00 0.000000000000000000e+00
9.449999999999992184e+00 0.000000000000000000e+00 0.000000000000000000e+00
9.549999999999990052e+00 0.000000000000000000e+00 0.000000000000000000e+00
9.649999999999991473e+00 0.000000000000000000e+00 0.000000000000000000e+00
9.749999999999989342e+00 1.007947646151683226e-06 5.823323423267207506e-07
9.849999999999990763e+00 9.780056404830092295e-07 5.646518198018377023e-07
9.949999999999988631e+00 5.914193401150941427e-06 1.394710355596081163e-06
1.004999999999999005e+01 6.335303204462157601e-06 1.459907778556470406e-06
1.014999999999998792e+01 6.194035723059058100e-06 1.421009251026069795e-06
1.024999999999998934e+01 4.564026322254045753e-06 1.219787343006609917e-06
1.034999999999998721e+01 5.862046551995544863e-06 1.448122643447064868e-06
1.044999999999998863e+01 3.912022561932036918e-06 1.129303639603675405e-06
1.054999999999998650e+01 8.476048884186075048e-06 1.662289948408891723e-06
1.064999999999998792e+01 2.063294441698503031e-05 2.634815448586357588e-06
1.074999999999998579e+01 8.568502702430156931e-05 5.824662258217555752e-06
1.084999999999998721e+01 4.164098979850456065e-04 1.197700085130701183e-05
1.094999999999998508e+01 1.239886228296991277e-03 2.961868599639923234e-05
1.104999999999998650e+01 1.854725232660974898e-03 4.913661371496017726e-05
1.114999999999998437e+01 1.447874813025445831e-03 2.305577579979197026e-05
1.124999999999998579e+01 8.164141641168200757e-04 1.724490391044641415e-05
1.134999999999998366e+01 4.470181186744829282e-04 1.266312847069334991e-05
1.144999999999998508e+01 2.013381359897224558e-04 8.629080510721805821e-06
1.154999999999998295e+01 9.348332662370720605e-05 6.463137660899415826e-06
1.164999999999998437e+01 3.378470970788166985e-05 3.745481355476380849e-06
1.174999999999998224e+01 8.834031681490822218e-06 1.758064726350710073e-06
1.184999999999998366e+01 2.608015041288024753e-06 9.220725605656380336e-07
1.194999999999998153e+01 9.780056404830092295e-07 5.646518198018377023e-07
1.204999999999998295e+01 0.000000000000000000e+00 0.000000000000000000e+00
1.214999999999998082e+01 0.000000000000000000e+00 0.000000000000000000e+00
1.224999999999998224e+01 0.000000000000000000e+00 0.000000000000000000e+00
1.234999999999998010e+01 0.000000000000000000e+00 0.000000000000000000e+00
1.244999999999998153e+01 0.000000000000000000e+00 0.000000000000000000e+00
1.254999999999997939e+01 0.000000000000000000e+00 0.000000000000000000e+00
1.264999999999998082e+01 0.000000000000000000e+00 0.000000000000000000e+00
1.274999999999997868e+01 0.000000000000000000e+00 0.000000000000000000e+00
1.284999999999998010e+01 0.000000000000000000e+00 0.000000000000000000e+00
1.294999999999997797e+01 0.000000000000000000e+00 0.000000000000000000e+00
