1.165006770731401298e-01 1.099644167141671005e+02
1.549474780968614351e-01 8.415289673500107881e+01
2.060822440843366743e-01 6.423884333234701671e+01
2.740921752872102490e-01 5.383934862434464463e+01
3.645463047409858159e-01 5.104449532670601997e+01
4.848515217957365397e-01 4.929633847828232973e+01
6.448590895871766371e-01 4.573796236221635070e+01
8.576713214863194157e-01 4.001618189208517151e+01
1.140714471701101296e+00 3.465961067513940463e+01
1.517165694305051771e+00 2.938766140756872147e+01
2.017850918068533339e+00 2.490854314100550226e+01
2.683769045684297083e+00 2.142315989851460500e+01
3.569449172918817581e+00 1.794426966036076720e+01
4.747415735545228443e+00 1.494455326743190504e+01
6.314127215228745982e+00 1.224439458344508758e+01
8.397874698773046376e+00 9.929229780866402066e+00
1.116928706887600242e+01 7.768467245020238110e+00
1.485530305009045371e+01 5.951180522795864292e+00
1.975775421915398411e+01 4.331294309438555423e+00
2.627808066036861590e+01 3.061192734061948251e+00
