1.165006770731401298e-01 1.189497250372131703e+02
1.549474780968614351e-01 8.872213172160768124e+01
2.060822440843366743e-01 6.976087229493299446e+01
2.740921752872102490e-01 6.015010032906899085e+01
3.645463047409858159e-01 5.529562173173470541e+01
4.848515217957365397e-01 5.315167365687983647e+01
6.448590895871766371e-01 4.799897372549089880e+01
8.576713214863194157e-01 4.295821468747815430e+01
1.140714471701101296e+00 3.697542071743692560e+01
1.517165694305051771e+00 3.166254534307418567e+01
2.017850918068533339e+00 2.666905016911618276e+01
2.683769045684297083e+00 2.273415474031902050e+01
3.569449172918817581e+00 1.904571154600023419e+01
4.747415735545228443e+00 1.575874617136910238e+01
6.314127215228745982e+00 1.292530312990281161e+01
8.397874698773046376e+00 1.041411059790994287e+01
1.116928706887600242e+01 8.200024112999869885e+00
1.485530305009045371e+01 6.186400768898318248e+00
1.975775421915398411e+01 4.472959897310472499e+00
2.627808066036861590e+01 3.096583290020511026e+00
