1.005000000000000071e+01 0.000000000000000000e+00
1.014999999999999858e+01 1.602692266577086791e-08
1.025000000000000000e+01 1.836569889840701437e-08
1.034999999999999787e+01 4.941710058999076456e-08
1.044999999999999929e+01 2.786103583987928587e-08
1.054999999999999716e+01 2.155108937164925297e-07
1.064999999999999858e+01 3.207448979510014519e-07
1.074999999999999645e+01 6.089642583652658679e-07
1.084999999999999787e+01 3.759228009709549127e-06
1.094999999999999574e+01 8.000981054873270871e-06
1.104999999999999716e+01 3.059328273186212279e-05
1.114999999999999503e+01 8.343469817838022298e-05
1.124999999999999645e+01 2.047444224795255154e-04
1.134999999999999432e+01 5.117545749942734468e-04
1.144999999999999574e+01 1.121713680384874836e-03
1.154999999999999361e+01 2.249659827060467195e-03
1.164999999999999503e+01 4.161536173574309841e-03
1.174999999999999289e+01 6.587259622074416107e-03
1.184999999999999432e+01 9.928387169408641952e-03
1.194999999999999218e+01 1.434228808216578797e-02
1.204999999999999361e+01 2.015001678722949316e-02
1.214999999999999147e+01 2.681037611506944043e-02
1.224999999999999289e+01 3.478802246087903810e-02
1.234999999999999076e+01 4.195381562330868092e-02
1.244999999999999218e+01 4.796712307868340741e-02
1.254999999999999005e+01 5.468507375776397728e-02
1.264999999999999147e+01 5.872775580820562696e-02
1.274999999999998934e+01 6.411107161196034909e-02
1.284999999999999076e+01 6.869378577269011354e-02
1.294999999999998863e+01 7.077944064468071061e-02
1.304999999999999005e+01 7.576075550891921140e-02
1.314999999999998792e+01 8.044554455445543373e-02
1.324999999999998934e+01 8.174807197943444181e-02
1.334999999999998721e+01 8.262801523487092736e-02
1.344999999999998863e+01 8.479619160963998425e-02
1.354999999999998650e+01 9.117647058823530326e-02
1.364999999999998792e+01 9.001189060642092454e-02
1.374999999999998579e+01 9.842061512884454910e-02
1.384999999999998721e+01 1.044999999999999957e-01
1.394999999999998508e+01 1.229508196721311314e-01
1.404999999999998650e+01 1.206153846153846104e-01
1.414999999999998437e+01 1.324742268041237403e-01
1.424999999999998579e+01 1.682692307692307820e-01
1.434999999999998366e+01 1.633333333333333304e-01
1.444999999999998508e+01 2.166666666666666463e-01
1.454999999999998295e+01 4.333333333333334036e-01
1.464999999999998437e+01 1.499999999999999944e-01
1.474999999999998224e+01 5.500000000000000444e-01
1.484999999999998366e+01 nan
1.494999999999998153e+01 nan
