1.005000000000000071e+01 4.652655819733343476e-27
1.014999999999999858e+01 2.876130421551567761e-22
1.025000000000000000e+01 4.033768627720311497e-18
1.034999999999999787e+01 1.302723311154288602e-14
1.044999999999999929e+01 1.003447724779211873e-11
1.054999999999999716e+01 2.014607411502447620e-09
1.064999999999999858e+01 1.256399910950999087e-07
1.074999999999999645e+01 3.215533616349866889e-06
1.084999999999999787e+01 3.818873705836239662e-05
1.094999999999999574e+01 2.289655807631108886e-04
1.104999999999999716e+01 8.857703208437845083e-04
1.114999999999999503e+01 2.670382964817228071e-03
1.124999999999999645e+01 6.687172002507573917e-03
1.134999999999999432e+01 1.445859804108656776e-02
1.144999999999999574e+01 2.570029020970404296e-02
1.154999999999999361e+01 3.561502440541429448e-02
1.164999999999999503e+01 3.735591828323450714e-02
1.174999999999999289e+01 2.912246427920473640e-02
1.184999999999999432e+01 1.744137104673748259e-02
1.194999999999999218e+01 8.884596318087687947e-03
1.204999999999999361e+01 4.509894349585285601e-03
1.214999999999999147e+01 2.548257295934166881e-03
1.224999999999999289e+01 1.617381946502916175e-03
1.234999999999999076e+01 1.117379455673901765e-03
1.244999999999999218e+01 8.172682004632188420e-04
1.254999999999999005e+01 6.205706801138319816e-04
1.264999999999999147e+01 4.820608476726433709e-04
1.274999999999998934e+01 3.789315315181192257e-04
1.284999999999999076e+01 2.989037517112433763e-04
1.294999999999998863e+01 2.352215672836601812e-04
1.304999999999999005e+01 1.838930016951889612e-04
1.314999999999998792e+01 1.423838100409215146e-04
1.324999999999998934e+01 1.089451746106746550e-04
1.334999999999998721e+01 8.222602789810381184e-05
1.344999999999998863e+01 6.112556014376985009e-05
1.354999999999998650e+01 4.470995978351083457e-05
1.364999999999998792e+01 3.213895340728046803e-05
1.374999999999998579e+01 2.268374794570755535e-05
1.384999999999998721e+01 1.570639116090414181e-05
1.394999999999998508e+01 1.066029044370750924e-05
1.404999999999998650e+01 7.087016582123210562e-06
1.414999999999998437e+01 4.611767826282025136e-06
1.424999999999998579e+01 2.935494987525479145e-06
1.434999999999998366e+01 1.826518497470622597e-06
1.444999999999998508e+01 1.110320716311425383e-06
1.454999999999998295e+01 6.588153136248602393e-07
1.464999999999998437e+01 3.814896725164338023e-07
1.474999999999998224e+01 2.155220688465527567e-07
1.484999999999998366e+01 1.186296311994142361e-07
1.494999999999998153e+01 6.377438229570647630e-08
