1.005000000000000071e+01 0.000000000000000000e+00
1.014999999999999858e+01 3.211446107759431622e-08
1.025000000000000000e+01 0.000000000000000000e+00
1.034999999999999787e+01 2.476469208696270366e-08
1.044999999999999929e+01 2.792377256869108419e-08
1.054999999999999716e+01 1.442686570932390372e-07
1.064999999999999858e+01 8.073631519457451278e-08
1.074999999999999645e+01 1.538941372489473595e-07
1.084999999999999787e+01 3.644963541252179102e-07
1.094999999999999574e+01 2.138165179369149369e-06
1.104999999999999716e+01 5.335754705059137437e-06
1.114999999999999503e+01 2.106777113574117937e-05
1.124999999999999645e+01 5.930759450103397255e-05
1.134999999999999432e+01 1.385889128869690159e-04
1.144999999999999574e+01 2.933268149596675702e-04
1.154999999999999361e+01 5.591034257639547218e-04
1.164999999999999503e+01 1.048770097906332431e-03
1.174999999999999289e+01 1.747869396790260573e-03
1.184999999999999432e+01 2.780275529800956599e-03
1.194999999999999218e+01 4.155667265782969459e-03
1.204999999999999361e+01 5.912617247686583269e-03
1.214999999999999147e+01 8.124352331606217795e-03
1.224999999999999289e+01 1.065859286585634641e-02
1.234999999999999076e+01 1.398487094689626273e-02
1.244999999999999218e+01 1.699489061957438346e-02
1.254999999999999005e+01 2.016212710765239585e-02
1.264999999999999147e+01 2.256616155074903790e-02
1.274999999999998934e+01 2.475127255900046522e-02
1.284999999999999076e+01 2.736703568940156497e-02
1.294999999999998863e+01 2.927343667615733142e-02
1.304999999999999005e+01 3.077717150862704226e-02
1.314999999999998792e+01 3.180247917090022608e-02
1.324999999999998934e+01 3.298843578819232736e-02
1.334999999999998721e+01 3.315673289183222738e-02
1.344999999999998863e+01 3.395981853532079736e-02
1.354999999999998650e+01 3.602094240837696443e-02
1.364999999999998792e+01 3.734729493891797425e-02
1.374999999999998579e+01 4.299999999999999656e-02
1.384999999999998721e+01 4.252336448598130481e-02
1.394999999999998508e+01 5.312499999999999861e-02
1.404999999999998650e+01 4.929577464788732072e-02
1.414999999999998437e+01 7.727272727272727071e-02
1.424999999999998579e+01 5.384615384615385608e-02
1.434999999999998366e+01 5.000000000000000278e-02
1.444999999999998508e+01 nan
1.454999999999998295e+01 nan
1.464999999999998437e+01 2.000000000000000111e-01
1.474999999999998224e+01 nan
1.484999999999998366e+01 nan
1.494999999999998153e+01 nan
