7.049999999999999822e+00 0.000000000000000000e+00 0.000000000000000000e+00
7.149999999999999467e+00 0.000000000000000000e+00 0.000000000000000000e+00
7.249999999999999112e+00 0.000000000000000000e+00 0.000000000000000000e+00
7.349999999999998757e+00 0.000000000000000000e+00 0.000000000000000000e+00
7.449999999999998401e+00 0.000000000000000000e+00 0.000000000000000000e+00
7.549999999999998046e+00 0.000000000000000000e+00 0.000000000000000000e+00
7.649999999999997691e+00 0.000000000000000000e+00 0.000000000000000000e+00
7.749999999999997335e+00 0.000000000000000000e+00 0.000000000000000000e+00
7.849999999999996980e+00 2.145918555514755409e-07 2.145918555514755409e-07
7.949999999999996625e+00 1.611934170770386254e-06 5.767654573687903963e-07
8.049999999999997158e+00 8.410229951995989916e-06 1.469196225745386470e-06
8.149999999999995026e+00 1.351087480912080478e-05 2.157645656550941482e-06
8.249999999999996447e+00 1.764274013307377093e-05 2.068177466785121775e-06
8.349999999999994316e+00 2.987085017399048660e-05 2.499018910196769046e-06
8.449999999999995737e+00 4.553162726032323348e-05 3.266246065820098022e-06
8.549999999999993605e+00 6.943794338504890500e-05 4.249826962611312707e-06
8.649999999999995026e+00 8.676030536398587705e-05 4.483508394196859028e-06
8.749999999999992895e+00 1.179687721965669089e-04 5.425518032750318892e-06
8.849999999999994316e+00 1.590459926835250271e-04 6.489011760177731581e-06
8.949999999999992184e+00 1.997914761434663145e-04 7.054981372332913576e-06
9.049999999999993605e+00 2.756938163746553002e-04 8.597703360558512541e-06
9.149999999999991473e+00 3.665886964319177714e-04 9.533749996728638467e-06
9.249999999999992895e+00 4.728300179669739757e-04 1.080230270077085753e-05
9.349999999999990763e+00 6.076619833610602322e-04 1.229394367499834519e-05
9.449999999999992184e+00 6.999937949711314495e-04 1.780750809808575501e-05
9.549999999999990052e+00 7.430838702598588190e-04 1.309754523252233232e-05
9.649999999999991473e+00 7.644240653655223327e-04 1.462942986100813392e-05
9.749999999999989342e+00 7.557268974794325352e-04 1.463265619880496953e-05
9.849999999999990763e+00 6.917295835344778763e-04 1.805229037905839009e-05
9.949999999999988631e+00 5.453429231094427104e-04 1.166597893481553837e-05
1.004999999999999005e+01 3.984081275225287216e-04 1.049373959754310182e-05
1.014999999999998792e+01 2.614241517382846530e-04 1.005634504092967761e-05
1.024999999999998934e+01 1.486073684378916954e-04 7.006898199945321507e-06
1.034999999999998721e+01 6.895858550879948418e-05 4.317158987600772013e-06
1.044999999999998863e+01 4.379685958055466960e-05 4.013465478671616778e-06
1.054999999999998650e+01 1.527880823652068466e-05 1.754988673193451973e-06
1.064999999999998792e+01 6.712638533936743715e-06 1.159826962128372364e-06
1.074999999999998579e+01 3.544674741658601027e-06 1.082484803406361351e-06
1.084999999999998721e+01 2.238987607527673695e-06 1.084793053541071596e-06
1.094999999999998508e+01 6.239133437454091999e-07 3.630045219150629773e-07
1.104999999999998650e+01 2.005202584666079061e-07 2.005202584660014040e-07
1.114999999999998437e+01 8.997780227331119383e-07 5.855303224174942079e-07
1.124999999999998579e+01 1.896393142082807389e-07 1.896393142082807389e-07
1.134999999999998366e+01 0.000000000000000000e+00 0.000000000000000000e+00
1.144999999999998508e+01 0.000000000000000000e+00 0.000000000000000000e+00
1.154999999999998295e+01 3.792786284165614777e-07 2.681904901124834330e-07
1.164999999999998437e+01 0.000000000000000000e+00 0.000000000000000000e+00
1.174999999999998224e+01 1.896393142082807389e-07 1.896393142082807389e-07
1.184999999999998366e+01 0.000000000000000000e+00 0.000000000000000000e+00
1.194999999999998153e+01 0.000000000000000000e+00 0.000000000000000000e+00
1.204999999999998295e+01 0.000000000000000000e+00 0.000000000000000000e+00
1.214999999999998082e+01 0.000000000000000000e+00 0.000000000000000000e+00
1.224999999999998224e+01 0.000000000000000000e+00 0.000000000000000000e+00
1.234999999999998010e+01 0.000000000000000000e+00 0.000000000000000000e+00
1.244999999999998153e+01 0.000000000000000000e+00 0.000000000000000000e+00
1.254999999999997939e+01 0.000000000000000000e+00 0.000000000000000000e+00
1.264999999999998082e+01 0.000000000000000000e+00 0.000000000000000000e+00
1.274999999999997868e+01 0.000000000000000000e+00 0.000000000000000000e+00
1.284999999999998010e+01 0.000000000000000000e+00 0.000000000000000000e+00
1.294999999999997797e+01 0.000000000000000000e+00 0.000000000000000000e+00
