1.165006770731401298e-01 8.644583221281260421e+01
1.549474780968614351e-01 6.718788371597329956e+01
2.060822440843366743e-01 5.509918576541272017e+01
2.740921752872102490e-01 5.461298990102859818e+01
3.645463047409858159e-01 5.127061217712920183e+01
4.848515217957365397e-01 4.621851184834447679e+01
6.448590895871766371e-01 4.247235126697715657e+01
8.576713214863194157e-01 3.644233357344374014e+01
1.140714471701101296e+00 3.160864659385205755e+01
1.517165694305051771e+00 2.704989808698284293e+01
2.017850918068533339e+00 2.313147826027407561e+01
2.683769045684297083e+00 1.969811816603732879e+01
3.569449172918817581e+00 1.662626825527705421e+01
4.747415735545228443e+00 1.400054961637857787e+01
6.314127215228745982e+00 1.141636841025535709e+01
8.397874698773046376e+00 9.126920102036008231e+00
1.116928706887600242e+01 7.213979912917662496e+00
1.485530305009045371e+01 5.388570664985633307e+00
1.975775421915398411e+01 3.946441867289348870e+00
2.627808066036861590e+01 2.725983261274961489e+00
