7.049999999999999822e+00 0.000000000000000000e+00 0.000000000000000000e+00
7.149999999999999467e+00 0.000000000000000000e+00 0.000000000000000000e+00
7.249999999999999112e+00 0.000000000000000000e+00 0.000000000000000000e+00
7.349999999999998757e+00 0.000000000000000000e+00 0.000000000000000000e+00
7.449999999999998401e+00 3.227917553448721719e-07 3.227917553448721719e-07
7.549999999999998046e+00 3.558986020469102877e-07 3.558986020469102347e-07
7.649999999999997691e+00 9.683752660346160920e-07 5.590917205216612329e-07
7.749999999999997335e+00 2.582334042758977375e-06 9.129929564618724027e-07
7.849999999999996980e+00 3.410380792184282378e-06 1.185836762119512633e-06
7.949999999999996625e+00 1.635300380383526289e-06 7.315776363817424939e-07
8.049999999999997158e+00 8.102900730323843418e-06 1.620904756790452321e-06
8.149999999999995026e+00 1.075474021563453907e-05 1.872790350036981911e-06
8.249999999999996447e+00 1.345117654803794889e-05 2.287857387190986287e-06
8.349999999999994316e+00 2.649923997726910319e-05 3.160553085106537510e-06
8.449999999999995737e+00 4.002745605914752688e-05 3.942781253279393227e-06
8.549999999999993605e+00 5.058476619451276552e-05 4.640906707087156921e-06
8.649999999999995026e+00 8.601882045552373978e-05 5.599985135388632832e-06
8.749999999999992895e+00 9.956807743107459275e-05 7.496250529284875101e-06
8.849999999999994316e+00 1.123593027358928180e-04 6.319175745892666841e-06
8.949999999999992184e+00 1.299544012594864358e-04 7.051876168360885305e-06
9.049999999999993605e+00 1.281045686154858379e-04 7.054025473727984272e-06
9.149999999999991473e+00 1.445378855732654642e-04 8.434702375716831850e-06
9.249999999999992895e+00 1.219466776609934696e-04 7.202676911032977829e-06
9.349999999999990763e+00 1.279143588205435857e-04 7.768064434157630874e-06
9.449999999999992184e+00 1.212310281168640805e-04 1.085813030859533679e-05
9.549999999999990052e+00 8.066333258276975186e-05 5.483605384632324015e-06
9.649999999999991473e+00 5.674274714212567409e-05 4.807391087197922254e-06
9.749999999999989342e+00 5.739735565191296231e-05 1.450436066338095108e-05
9.849999999999990763e+00 3.116764096305112353e-05 3.380290592966340740e-06
9.949999999999988631e+00 2.408585560412599484e-05 2.844169318273270297e-06
1.004999999999999005e+01 1.347623046313845760e-05 2.109740197677373006e-06
1.014999999999998792e+01 9.875774452811003163e-06 2.086600274822841261e-06
1.024999999999998934e+01 7.747079722448961173e-06 1.644973841474522047e-06
1.034999999999998721e+01 1.111226388164210100e-05 4.635529895156589758e-06
1.044999999999998863e+01 2.481461619213704384e-06 1.128509533996151018e-06
1.054999999999998650e+01 2.933975972696289317e-06 9.781746109496933642e-07
1.064999999999998792e+01 6.455835106897443437e-07 4.564964782309362013e-07
1.074999999999998579e+01 3.227917553448721719e-07 3.227917553448721719e-07
1.084999999999998721e+01 6.455835106897443437e-07 4.564964782309362013e-07
1.094999999999998508e+01 0.000000000000000000e+00 0.000000000000000000e+00
1.104999999999998650e+01 0.000000000000000000e+00 0.000000000000000000e+00
1.114999999999998437e+01 0.000000000000000000e+00 0.000000000000000000e+00
1.124999999999998579e+01 0.000000000000000000e+00 0.000000000000000000e+00
1.134999999999998366e+01 0.000000000000000000e+00 0.000000000000000000e+00
1.144999999999998508e+01 0.000000000000000000e+00 0.000000000000000000e+00
1.154999999999998295e+01 0.000000000000000000e+00 0.000000000000000000e+00
1.164999999999998437e+01 0.000000000000000000e+00 0.000000000000000000e+00
1.174999999999998224e+01 0.000000000000000000e+00 0.000000000000000000e+00
1.184999999999998366e+01 0.000000000000000000e+00 0.000000000000000000e+00
1.194999999999998153e+01 0.000000000000000000e+00 0.000000000000000000e+00
1.204999999999998295e+01 0.000000000000000000e+00 0.000000000000000000e+00
1.214999999999998082e+01 0.000000000000000000e+00 0.000000000000000000e+00
1.224999999999998224e+01 0.000000000000000000e+00 0.000000000000000000e+00
1.234999999999998010e+01 0.000000000000000000e+00 0.000000000000000000e+00
1.244999999999998153e+01 0.000000000000000000e+00 0.000000000000000000e+00
1.254999999999997939e+01 0.000000000000000000e+00 0.000000000000000000e+00
1.264999999999998082e+01 0.000000000000000000e+00 0.000000000000000000e+00
1.274999999999997868e+01 0.000000000000000000e+00 0.000000000000000000e+00
1.284999999999998010e+01 0.000000000000000000e+00 0.000000000000000000e+00
1.294999999999997797e+01 0.000000000000000000e+00 0.000000000000000000e+00
