1.005000000000000071e+01 0.000000000000000000e+00
1.014999999999999858e+01 0.000000000000000000e+00
1.025000000000000000e+01 0.000000000000000000e+00
1.034999999999999787e+01 0.000000000000000000e+00
1.044999999999999929e+01 0.000000000000000000e+00
1.054999999999999716e+01 0.000000000000000000e+00
1.064999999999999858e+01 0.000000000000000000e+00
1.074999999999999645e+01 5.059791556827025208e-08
1.084999999999999787e+01 3.159889201168086192e-06
1.094999999999999574e+01 4.844867057745133588e-05
1.104999999999999716e+01 3.159842171613811649e-04
1.114999999999999503e+01 1.292103860365306301e-03
1.124999999999999645e+01 4.028745108655526659e-03
1.134999999999999432e+01 1.087716113031354445e-02
1.144999999999999574e+01 2.604985216942170417e-02
1.154999999999999361e+01 5.259675454795489230e-02
1.164999999999999503e+01 8.188291397295303919e-02
1.174999999999999289e+01 9.584368656110434093e-02
1.184999999999999432e+01 8.437183982934448601e-02
1.194999999999999218e+01 5.802636239437330978e-02
1.204999999999999361e+01 3.431948902094124343e-02
1.214999999999999147e+01 1.894059227519371766e-02
1.224999999999999289e+01 1.090682886369919932e-02
1.234999999999999076e+01 6.618982381240640436e-03
1.244999999999999218e+01 4.374923372430420884e-03
1.254999999999999005e+01 3.085619457553285573e-03
1.264999999999999147e+01 2.583224159360408834e-03
1.274999999999998934e+01 2.072561373017597387e-03
1.284999999999999076e+01 1.627933732167510458e-03
1.294999999999998863e+01 1.413108839446783078e-03
1.304999999999999005e+01 1.097904915390814171e-03
1.314999999999998792e+01 1.032019052659433576e-03
1.324999999999998934e+01 9.463722397476343005e-04
1.334999999999998721e+01 1.128783991790661707e-03
1.344999999999998863e+01 1.509831460674157131e-03
1.354999999999998650e+01 1.451529289787454680e-03
1.364999999999998792e+01 8.308157099697885189e-04
1.374999999999998579e+01 1.856148491879350357e-03
1.384999999999998721e+01 3.529411764705882911e-03
1.394999999999998508e+01 3.631284916201117825e-03
1.404999999999998650e+01 1.538461538461538460e-03
1.414999999999998437e+01 6.363636363636362980e-03
1.424999999999998579e+01 3.174603174603174600e-03
1.434999999999998366e+01 1.153846153846153910e-02
1.444999999999998508e+01 8.333333333333333218e-03
1.454999999999998295e+01 0.000000000000000000e+00
1.464999999999998437e+01 0.000000000000000000e+00
1.474999999999998224e+01 0.000000000000000000e+00
1.484999999999998366e+01 nan
1.494999999999998153e+01 nan
