1.005000000000000071e+01 0.000000000000000000e+00
1.014999999999999858e+01 0.000000000000000000e+00
1.025000000000000000e+01 7.424731781564391944e-08
1.034999999999999787e+01 2.499594440801979705e-08
1.044999999999999929e+01 5.639750768134054253e-08
1.054999999999999716e+01 1.090365890447304503e-07
1.064999999999999858e+01 4.458853296430241894e-07
1.074999999999999645e+01 7.179465088825367355e-07
1.084999999999999787e+01 1.986910474630766028e-06
1.094999999999999574e+01 6.772895774164563369e-06
1.104999999999999716e+01 2.246815413153733910e-05
1.114999999999999503e+01 5.337873750749749888e-05
1.124999999999999645e+01 1.395624148099072921e-04
1.134999999999999432e+01 3.064394684538628163e-04
1.144999999999999574e+01 6.239492340736697883e-04
1.154999999999999361e+01 1.079921877991804873e-03
1.164999999999999503e+01 1.848264704116488926e-03
1.174999999999999289e+01 2.769537823347551896e-03
1.184999999999999432e+01 4.098840557453833390e-03
1.194999999999999218e+01 5.792642938055207920e-03
1.204999999999999361e+01 7.785292634451662294e-03
1.214999999999999147e+01 1.016474948171794401e-02
1.224999999999999289e+01 1.244854669494926437e-02
1.234999999999999076e+01 1.424798702510298234e-02
1.244999999999999218e+01 1.589618091529420088e-02
1.254999999999999005e+01 1.793817711054078098e-02
1.264999999999999147e+01 1.913234706117552739e-02
1.274999999999998934e+01 2.079096862901183215e-02
1.284999999999999076e+01 2.284651077318877038e-02
1.294999999999998863e+01 2.417273921873133377e-02
1.304999999999999005e+01 2.458109146810146320e-02
1.314999999999998792e+01 2.675913738989571522e-02
1.324999999999998934e+01 2.755265262596641104e-02
1.334999999999998721e+01 2.884283246977547080e-02
1.344999999999998863e+01 2.860765329644997940e-02
1.354999999999998650e+01 3.146387832699619469e-02
1.364999999999998792e+01 3.225946887244231231e-02
1.374999999999998579e+01 3.431916204559457700e-02
1.384999999999998721e+01 3.378995433789954567e-02
1.394999999999998508e+01 3.785234899328858427e-02
1.404999999999998650e+01 4.123711340206185488e-02
1.414999999999998437e+01 5.185185185185183648e-02
1.424999999999998579e+01 5.242718446601941917e-02
1.434999999999998366e+01 5.982142857142856707e-02
1.444999999999998508e+01 7.187499999999999445e-02
1.454999999999998295e+01 8.888888888888887840e-02
1.464999999999998437e+01 8.571428571428570120e-02
1.474999999999998224e+01 1.888888888888888284e-01
1.484999999999998366e+01 1.199999999999999956e-01
1.494999999999998153e+01 2.000000000000000111e-01
