1.165006770731401298e-01 5.503911898887746190e+01
1.549474780968614351e-01 4.699857682999559216e+01
2.060822440843366743e-01 4.030963200177862404e+01
2.740921752872102490e-01 4.622011444876866904e+01
3.645463047409858159e-01 3.905472262666877725e+01
4.848515217957365397e-01 3.573423758981471821e+01
6.448590895871766371e-01 2.954173338669686544e+01
8.576713214863194157e-01 2.702820859309482415e+01
1.140714471701101296e+00 2.158317429968820633e+01
1.517165694305051771e+00 1.901413399189854303e+01
2.017850918068533339e+00 1.704741406958365602e+01
2.683769045684297083e+00 1.419747746683804301e+01
3.569449172918817581e+00 1.218940802212867069e+01
4.747415735545228443e+00 1.044706126485367648e+01
6.314127215228745982e+00 8.671654042023176245e+00
8.397874698773046376e+00 6.987457841566067529e+00
1.116928706887600242e+01 5.589770901301911898e+00
1.485530305009045371e+01 4.330303681855885323e+00
1.975775421915398411e+01 3.172826104469359088e+00
2.627808066036861590e+01 2.289111192644058157e+00
