7.450000000000000178e+00 2.186847108218856195e-01
7.549999999999999822e+00 2.171806332091472114e-01
7.649999999999999467e+00 2.155139347736791944e-01
7.749999999999999112e+00 2.136774636538411598e-01
7.849999999999998757e+00 2.116778861897047337e-01
7.949999999999998401e+00 2.095355757294229959e-01
8.049999999999997158e+00 2.072647736478401836e-01
8.149999999999998579e+00 2.048540290978181910e-01
8.249999999999996447e+00 2.022747694660660678e-01
8.349999999999997868e+00 1.995051063328279473e-01
8.449999999999995737e+00 1.965416860691349132e-01
8.549999999999997158e+00 1.933938751622940044e-01
8.649999999999995026e+00 1.900764148991511693e-01
8.749999999999996447e+00 1.866149589361553451e-01
8.849999999999994316e+00 1.830371884638420654e-01
8.949999999999995737e+00 1.793446290740921545e-01
9.049999999999993605e+00 1.755096642874110491e-01
9.149999999999995026e+00 1.715067234817613528e-01
9.249999999999992895e+00 1.673453443312687139e-01
9.349999999999994316e+00 1.630710443643289265e-01
9.449999999999992184e+00 1.587355618993646078e-01
9.549999999999993605e+00 1.543672367635633424e-01
9.649999999999991473e+00 1.499551123202873537e-01
9.749999999999992895e+00 1.454613557655451417e-01
9.849999999999990763e+00 1.408555797100919382e-01
9.949999999999992184e+00 1.361127296361678563e-01
1.004999999999999005e+01 1.311480012693329589e-01
1.014999999999999147e+01 1.257581337421361523e-01
1.024999999999998934e+01 1.196611025382473964e-01
1.034999999999999076e+01 1.126271127792867893e-01
1.044999999999998863e+01 1.046005194268311705e-01
1.054999999999999005e+01 9.573278012760413902e-02
1.064999999999998792e+01 8.631987602443570717e-02
1.074999999999998934e+01 7.669088390293574142e-02
1.084999999999998721e+01 6.711563687509976284e-02
1.094999999999998863e+01 5.777643513407288572e-02
1.104999999999998650e+01 4.879819506599424039e-02
1.114999999999998792e+01 4.030001404768680101e-02
1.124999999999998579e+01 3.243193025280393521e-02
1.134999999999998721e+01 2.537517480132875369e-02
1.144999999999998508e+01 1.930273243402270272e-02
1.154999999999998650e+01 1.432024846506218044e-02
1.164999999999998437e+01 1.042408745086852856e-02
1.174999999999998579e+01 7.503835715492398334e-03
1.184999999999998366e+01 5.384063343985160364e-03
1.194999999999998508e+01 3.875902517824347717e-03
1.204999999999998295e+01 2.812771331912334791e-03
