1.165006770731401298e-01 8.302646980249548392e+01
1.549474780968614351e-01 6.467122879493034304e+01
2.060822440843366743e-01 5.506952172875345752e+01
2.740921752872102490e-01 5.276886550745162907e+01
3.645463047409858159e-01 4.787491059045036224e+01
4.848515217957365397e-01 4.441633190474173887e+01
6.448590895871766371e-01 3.781200783312580427e+01
8.576713214863194157e-01 3.377905478264210615e+01
1.140714471701101296e+00 2.823300837162403099e+01
1.517165694305051771e+00 2.420201181117617395e+01
2.017850918068533339e+00 2.119337173478328396e+01
2.683769045684297083e+00 1.820118839693890322e+01
3.569449172918817581e+00 1.521937485235004317e+01
4.747415735545228443e+00 1.288658823052713842e+01
6.314127215228745982e+00 1.063229928663959711e+01
8.397874698773046376e+00 8.561049598960474682e+00
1.116928706887600242e+01 6.703470269280737526e+00
1.485530305009045371e+01 5.176703606709267547e+00
1.975775421915398411e+01 3.765769608327410367e+00
2.627808066036861590e+01 2.676091273424970218e+00
