1.165006770731401298e-01 5.255450247191405566e+01
1.549474780968614351e-01 4.203733759297932693e+01
2.060822440843366743e-01 4.497118462164203123e+01
2.740921752872102490e-01 4.243817887272294342e+01
3.645463047409858159e-01 3.815675533084302629e+01
4.848515217957365397e-01 3.181245525616413872e+01
6.448590895871766371e-01 3.016872173067146790e+01
8.576713214863194157e-01 2.549194730543656462e+01
1.140714471701101296e+00 2.261372019740731432e+01
1.517165694305051771e+00 1.932852266422742815e+01
2.017850918068533339e+00 1.638755056462076709e+01
2.683769045684297083e+00 1.407828288227408464e+01
3.569449172918817581e+00 1.229240125883893597e+01
4.747415735545228443e+00 1.042138130102358673e+01
6.314127215228745982e+00 8.708026501869646552e+00
8.397874698773046376e+00 6.995935271957618440e+00
1.116928706887600242e+01 5.587932705192459437e+00
1.485530305009045371e+01 4.284141624608415633e+00
1.975775421915398411e+01 3.197453657118132675e+00
2.627808066036861590e+01 2.270925292638397597e+00
