7.049999999999999822e+00 0.000000000000000000e+00 0.000000000000000000e+00
7.149999999999999467e+00 0.000000000000000000e+00 0.000000000000000000e+00
7.249999999999999112e+00 0.000000000000000000e+00 0.000000000000000000e+00
7.349999999999998757e+00 0.000000000000000000e+00 0.000000000000000000e+00
7.449999999999998401e+00 0.000000000000000000e+00 0.000000000000000000e+00
7.549999999999998046e+00 0.000000000000000000e+00 0.000000000000000000e+00
7.649999999999997691e+00 0.000000000000000000e+00 0.000000000000000000e+00
7.749999999999997335e+00 0.000000000000000000e+00 0.000000000000000000e+00
7.849999999999996980e+00 0.000000000000000000e+00 0.000000000000000000e+00
7.949999999999996625e+00 0.000000000000000000e+00 0.000000000000000000e+00
8.049999999999997158e+00 0.000000000000000000e+00 0.000000000000000000e+00
8.149999999999995026e+00 0.000000000000000000e+00 0.000000000000000000e+00
8.249999999999996447e+00 0.000000000000000000e+00 0.000000000000000000e+00
8.349999999999994316e+00 0.000000000000000000e+00 0.000000000000000000e+00
8.449999999999995737e+00 0.000000000000000000e+00 0.000000000000000000e+00
8.549999999999993605e+00 0.000000000000000000e+00 0.000000000000000000e+00
8.649999999999995026e+00 0.000000000000000000e+00 0.000000000000000000e+00
8.749999999999992895e+00 0.000000000000000000e+00 0.000000000000000000e+00
8.849999999999994316e+00 0.000000000000000000e+00 0.000000000000000000e+00
8.949999999999992184e+00 0.000000000000000000e+00 0.000000000000000000e+00
9.049999999999993605e+00 0.000000000000000000e+00 0.000000000000000000e+00
9.149999999999991473e+00 0.000000000000000000e+00 0.000000000000000000e+00
9.249999999999992895e+00 0.000000000000000000e+00 0.000000000000000000e+00
9.349999999999990763e+00 0.000000000000000000e+00 0.000000000000000000e+00
9.449999999999992184e+00 0.000000000000000000e+00 0.000000000000000000e+00
9.549999999999990052e+00 0.000000000000000000e+00 0.000000000000000000e+00
9.649999999999991473e+00 0.000000000000000000e+00 0.000000000000000000e+00
9.749999999999989342e+00 0.000000000000000000e+00 0.000000000000000000e+00
9.849999999999990763e+00 0.000000000000000000e+00 0.000000000000000000e+00
9.949999999999988631e+00 0.000000000000000000e+00 0.000000000000000000e+00
1.004999999999999005e+01 2.104481389407446265e-07 2.104481389407446265e-07
1.014999999999998792e+01 1.052240694703723106e-06 4.705763444098256105e-07
1.024999999999998934e+01 1.683585111525957012e-06 5.952372245323569948e-07
1.034999999999998721e+01 1.473136972585212306e-06 5.567934395135782370e-07
1.044999999999998863e+01 1.729248386956495728e-06 6.128719204341311577e-07
1.054999999999998650e+01 1.473136972585213153e-06 5.567934395135783429e-07
1.064999999999998792e+01 9.601082447541488501e-06 1.632940967191582676e-06
1.074999999999998579e+01 5.257933031291504009e-05 3.396088450891903890e-06
1.084999999999998721e+01 2.017185022207133762e-04 6.747588107747327582e-06
1.094999999999998508e+01 4.576796450688004115e-04 1.020303465884437974e-05
1.104999999999998650e+01 8.104168368360997656e-04 1.361329206688179643e-05
1.114999999999998437e+01 7.891567949067578806e-04 1.349821963803166810e-05
1.124999999999998579e+01 5.866215936948417217e-04 1.140754374491717057e-05
1.134999999999998366e+01 3.645814253478506348e-04 9.106738583764881206e-06
1.144999999999998508e+01 1.787185926009328624e-04 6.422630457870191652e-06
1.154999999999998295e+01 8.183682438770078442e-05 4.264911278204692357e-06
1.164999999999998437e+01 2.828729093747551904e-05 2.768375060975280291e-06
1.174999999999998224e+01 1.096456539785439511e-05 1.520636228001154524e-06
1.184999999999998366e+01 4.401035390917665046e-06 1.045094364071336107e-06
1.194999999999998153e+01 0.000000000000000000e+00 0.000000000000000000e+00
1.204999999999998295e+01 0.000000000000000000e+00 0.000000000000000000e+00
1.214999999999998082e+01 0.000000000000000000e+00 0.000000000000000000e+00
1.224999999999998224e+01 0.000000000000000000e+00 0.000000000000000000e+00
1.234999999999998010e+01 0.000000000000000000e+00 0.000000000000000000e+00
1.244999999999998153e+01 0.000000000000000000e+00 0.000000000000000000e+00
1.254999999999997939e+01 0.000000000000000000e+00 0.000000000000000000e+00
1.264999999999998082e+01 0.000000000000000000e+00 0.000000000000000000e+00
1.274999999999997868e+01 0.000000000000000000e+00 0.000000000000000000e+00
1.284999999999998010e+01 0.000000000000000000e+00 0.000000000000000000e+00
1.294999999999997797e+01 0.000000000000000000e+00 0.000000000000000000e+00
