1.005000000000000071e+01 1.576224477434826669e-08
1.014999999999999858e+01 9.166097104007718526e-09
1.025000000000000000e+01 1.895171314785838997e-08
1.034999999999999787e+01 5.928175654386067413e-08
1.044999999999999929e+01 2.217988233707108312e-08
1.054999999999999716e+01 6.812114789870776272e-08
1.064999999999999858e+01 1.318560858145415875e-07
1.074999999999999645e+01 2.092262585744908914e-07
1.084999999999999787e+01 8.294088130382876319e-07
1.094999999999999574e+01 2.682236087196762004e-06
1.104999999999999716e+01 8.954814564294849739e-06
1.114999999999999503e+01 2.832927134309670309e-05
1.124999999999999645e+01 8.307752275351119138e-05
1.134999999999999432e+01 2.035203701627449685e-04
1.144999999999999574e+01 4.496256904395744833e-04
1.154999999999999361e+01 9.109061893014194387e-04
1.164999999999999503e+01 1.691601838381047353e-03
1.174999999999999289e+01 2.832755828044777446e-03
1.184999999999999432e+01 4.405919600855952127e-03
1.194999999999999218e+01 6.526003819120722478e-03
1.204999999999999361e+01 9.132741841550086337e-03
1.214999999999999147e+01 1.266585993278910097e-02
1.224999999999999289e+01 1.685511927750776157e-02
1.234999999999999076e+01 2.121023222187635657e-02
1.244999999999999218e+01 2.568510703532427344e-02
1.254999999999999005e+01 2.953883905984611841e-02
1.264999999999999147e+01 3.321654671144114862e-02
1.274999999999998934e+01 3.594701425923380045e-02
1.284999999999999076e+01 3.870191760075410853e-02
1.294999999999998863e+01 4.092807057534309650e-02
1.304999999999999005e+01 4.285089576843258141e-02
1.314999999999998792e+01 4.427337325430190373e-02
1.324999999999998934e+01 4.625601291523956382e-02
1.334999999999998721e+01 4.760415244170942972e-02
1.344999999999998863e+01 4.871822241510948004e-02
1.354999999999998650e+01 4.977737725847596051e-02
1.364999999999998792e+01 5.233294368795806534e-02
1.374999999999998579e+01 5.504984973824826600e-02
1.384999999999998721e+01 5.649329043053366584e-02
1.394999999999998508e+01 6.473440515516284965e-02
1.404999999999998650e+01 6.728296420630033858e-02
1.414999999999998437e+01 8.328554433982082728e-02
1.424999999999998579e+01 8.545552238162008873e-02
1.434999999999998366e+01 1.066351651814931994e-01
1.444999999999998508e+01 1.200099250034002141e-01
