1.165006770731401298e-01 1.229945622278784896e+02
1.549474780968614351e-01 9.592693781692099719e+01
2.060822440843366743e-01 7.516764286529993910e+01
2.740921752872102490e-01 6.424876881850848065e+01
3.645463047409858159e-01 5.788829234038915672e+01
4.848515217957365397e-01 5.652281620078957758e+01
6.448590895871766371e-01 5.259939213221766607e+01
8.576713214863194157e-01 4.578528942752841147e+01
1.140714471701101296e+00 3.944437559975930441e+01
1.517165694305051771e+00 3.326437217719383455e+01
2.017850918068533339e+00 2.819141931041220417e+01
2.683769045684297083e+00 2.395502928832553735e+01
3.569449172918817581e+00 2.014309449284699127e+01
4.747415735545228443e+00 1.672907999484706210e+01
6.314127215228745982e+00 1.367355626166009230e+01
8.397874698773046376e+00 1.101732727170103843e+01
1.116928706887600242e+01 8.631637597495437575e+00
1.485530305009045371e+01 6.483596692386574212e+00
1.975775421915398411e+01 4.657947730927614494e+00
2.627808066036861590e+01 3.185935409995630074e+00
