1.165006770731401298e-01 7.887128874882463947e+01
1.549474780968614351e-01 5.755984057347703953e+01
2.060822440843366743e-01 5.272404740512236287e+01
2.740921752872102490e-01 5.173741109059854182e+01
3.645463047409858159e-01 4.734270213738388122e+01
4.848515217957365397e-01 4.321388263656332640e+01
6.448590895871766371e-01 3.824490492416167342e+01
8.576713214863194157e-01 3.461107447701593998e+01
1.140714471701101296e+00 3.009231364899041949e+01
1.517165694305051771e+00 2.487190489230778567e+01
2.017850918068533339e+00 2.181721971655761294e+01
2.683769045684297083e+00 1.890634289152047032e+01
3.569449172918817581e+00 1.579762920958938288e+01
4.747415735545228443e+00 1.344025369092882727e+01
6.314127215228745982e+00 1.105097849436553403e+01
8.397874698773046376e+00 8.787906852287651560e+00
1.116928706887600242e+01 6.914244301018390715e+00
1.485530305009045371e+01 5.306845951565634323e+00
1.975775421915398411e+01 3.857595598818591043e+00
2.627808066036861590e+01 2.691066847991419930e+00
