7.049999999999999822e+00 0.000000000000000000e+00 0.000000000000000000e+00
7.149999999999999467e+00 0.000000000000000000e+00 0.000000000000000000e+00
7.249999999999999112e+00 0.000000000000000000e+00 0.000000000000000000e+00
7.349999999999998757e+00 0.000000000000000000e+00 0.000000000000000000e+00
7.449999999999998401e+00 0.000000000000000000e+00 0.000000000000000000e+00
7.549999999999998046e+00 0.000000000000000000e+00 0.000000000000000000e+00
7.649999999999997691e+00 1.893507289208956919e-06 7.156893025440778833e-07
7.749999999999997335e+00 3.508620128489324497e-06 9.731161368764084010e-07
7.849999999999996980e+00 1.344533747709443924e-05 2.076224780245717714e-06
7.949999999999996625e+00 1.768286921606685108e-05 2.293250319093111384e-06
8.049999999999997158e+00 2.508087608105233544e-05 2.808270344124022845e-06
8.149999999999995026e+00 3.948051022462307813e-05 3.576302170559479237e-06
8.249999999999996447e+00 5.786638518528945105e-05 4.566221808417094186e-06
8.349999999999994316e+00 9.186358607938380672e-05 5.954789731052310483e-06
8.449999999999995737e+00 1.048601773850123682e-04 6.513459357811403601e-06
8.549999999999993605e+00 1.220767151550897309e-04 6.132139457867774666e-06
8.649999999999995026e+00 1.758470078947225264e-04 9.588540969349216900e-06
8.749999999999992895e+00 2.108983906337140684e-04 8.738816390400706337e-06
8.849999999999994316e+00 2.825443555742243314e-04 9.514069674246650060e-06
8.949999999999992184e+00 3.464868445587651158e-04 1.080046741978613281e-05
9.049999999999993605e+00 4.435127766026757405e-04 2.140158328631628119e-05
9.149999999999991473e+00 4.851554993271272524e-04 1.338895919961492809e-05
9.249999999999992895e+00 5.156419778065245022e-04 1.336627469574662697e-05
9.349999999999990763e+00 5.394515408574394920e-04 1.600004817557813309e-05
9.449999999999992184e+00 5.305989029993452922e-04 1.442606740528095243e-05
9.549999999999990052e+00 5.094751972638874183e-04 1.624251925634860350e-05
9.649999999999991473e+00 3.913266615528666328e-04 1.194704546200994764e-05
9.749999999999989342e+00 3.211028137686159994e-04 1.357527949598284210e-05
9.849999999999990763e+00 2.196656169151112181e-04 9.565692248385596923e-06
9.949999999999988631e+00 1.489401002043858524e-04 1.023501577898139239e-05
1.004999999999999005e+01 8.127123307538176389e-05 6.023095885038590169e-06
1.014999999999998792e+01 4.199668965798991198e-05 3.554546504256981478e-06
1.024999999999998934e+01 2.912978905309900139e-05 3.584719575731822200e-06
1.034999999999998721e+01 1.680964683322481093e-05 2.397864129515176187e-06
1.044999999999998863e+01 1.005548528700353573e-05 1.734481654252329019e-06
1.054999999999998650e+01 1.100430749604742020e-05 1.946071852960348012e-06
1.064999999999998792e+01 6.291792249393388987e-06 1.574814659434617969e-06
1.074999999999998579e+01 2.467259763600738549e-06 8.232087535383388840e-07
1.084999999999998721e+01 1.889256992263482210e-06 7.140720234598647955e-07
1.094999999999998508e+01 2.698938560376403459e-07 2.698938560376403459e-07
1.104999999999998650e+01 2.925740120073796955e-07 2.925740120075093445e-07
1.114999999999998437e+01 0.000000000000000000e+00 0.000000000000000000e+00
1.124999999999998579e+01 0.000000000000000000e+00 0.000000000000000000e+00
1.134999999999998366e+01 0.000000000000000000e+00 0.000000000000000000e+00
1.144999999999998508e+01 2.698938560376403459e-07 2.698938560376403459e-07
1.154999999999998295e+01 0.000000000000000000e+00 0.000000000000000000e+00
1.164999999999998437e+01 0.000000000000000000e+00 0.000000000000000000e+00
1.174999999999998224e+01 0.000000000000000000e+00 0.000000000000000000e+00
1.184999999999998366e+01 0.000000000000000000e+00 0.000000000000000000e+00
1.194999999999998153e+01 0.000000000000000000e+00 0.000000000000000000e+00
1.204999999999998295e+01 0.000000000000000000e+00 0.000000000000000000e+00
1.214999999999998082e+01 0.000000000000000000e+00 0.000000000000000000e+00
1.224999999999998224e+01 0.000000000000000000e+00 0.000000000000000000e+00
1.234999999999998010e+01 0.000000000000000000e+00 0.000000000000000000e+00
1.244999999999998153e+01 0.000000000000000000e+00 0.000000000000000000e+00
1.254999999999997939e+01 0.000000000000000000e+00 0.000000000000000000e+00
1.264999999999998082e+01 0.000000000000000000e+00 0.000000000000000000e+00
1.274999999999997868e+01 0.000000000000000000e+00 0.000000000000000000e+00
1.284999999999998010e+01 0.000000000000000000e+00 0.000000000000000000e+00
1.294999999999997797e+01 0.000000000000000000e+00 0.000000000000000000e+00
