7.049999999999999822e+00 0.000000000000000000e+00 0.000000000000000000e+00
7.149999999999999467e+00 0.000000000000000000e+00 0.000000000000000000e+00
7.249999999999999112e+00 0.000000000000000000e+00 0.000000000000000000e+00
7.349999999999998757e+00 0.000000000000000000e+00 0.000000000000000000e+00
7.449999999999998401e+00 0.000000000000000000e+00 0.000000000000000000e+00
7.549999999999998046e+00 0.000000000000000000e+00 0.000000000000000000e+00
7.649999999999997691e+00 0.000000000000000000e+00 0.000000000000000000e+00
7.749999999999997335e+00 0.000000000000000000e+00 0.000000000000000000e+00
7.849999999999996980e+00 0.000000000000000000e+00 0.000000000000000000e+00
7.949999999999996625e+00 1.563691947672351953e-07 1.563691947672351953e-07
8.049999999999997158e+00 2.994854022011848070e-06 7.714719925845111642e-07
8.149999999999995026e+00 7.164091691808356764e-06 1.505295088466161177e-06
8.249999999999996447e+00 1.468499645708805010e-05 1.616608332802964635e-06
8.349999999999994316e+00 2.410841008638625615e-05 2.008683960659395432e-06
8.449999999999995737e+00 3.818679580802675954e-05 2.587461022743708968e-06
8.549999999999993605e+00 5.656120743296629401e-05 3.376164658513118882e-06
8.649999999999995026e+00 7.140892258903594773e-05 3.934123866227936693e-06
8.749999999999992895e+00 9.293689954964579687e-05 4.457923234360082517e-06
8.849999999999994316e+00 1.167874118927390647e-04 4.831988939606782502e-06
8.949999999999992184e+00 1.360318625873445418e-04 5.285556591074055698e-06
9.049999999999993605e+00 1.434445342185157284e-04 5.540692595327509188e-06
9.149999999999991473e+00 1.657062516670863969e-04 5.656521213798742484e-06
9.249999999999992895e+00 2.014130116724663832e-04 6.182623084022139946e-06
9.349999999999990763e+00 2.260742026958543680e-04 9.570390664571132191e-06
9.449999999999992184e+00 2.636708269171846573e-04 7.128767910653944267e-06
9.549999999999990052e+00 3.071539930004618104e-04 1.253729563946746835e-05
9.649999999999991473e+00 3.417609051152190828e-04 8.212271794097978934e-06
9.749999999999989342e+00 3.530237841104231816e-04 8.353361185276426292e-06
9.849999999999990763e+00 3.505132530561335530e-04 8.315898560051131292e-06
9.949999999999988631e+00 3.298084349640869489e-04 8.866322250054595676e-06
1.004999999999999005e+01 3.008937925862348642e-04 7.725366511686493880e-06
1.014999999999998792e+01 2.547290463587270582e-04 7.097538505525892730e-06
1.024999999999998934e+01 1.891389944494538725e-04 6.314231512694536101e-06
1.034999999999998721e+01 1.392173265160683525e-04 6.769647694895436598e-06
1.044999999999998863e+01 1.039994797957883503e-04 4.439817144233090521e-06
1.054999999999998650e+01 6.988213041926872031e-05 3.777849158345002746e-06
1.064999999999998792e+01 4.201384061078971562e-05 2.843122123074908877e-06
1.074999999999998579e+01 2.923486482880805940e-05 2.250176291579291909e-06
1.084999999999998721e+01 1.563895595234117639e-05 1.646011670442474530e-06
1.094999999999998508e+01 7.955172203505775808e-06 1.141729339194606910e-06
1.104999999999998650e+01 4.699953722433642273e-06 9.397810145395330287e-07
1.114999999999998437e+01 2.073532272911462398e-06 6.041073855424962979e-07
1.124999999999998579e+01 4.691075843017055860e-07 2.708393900754847368e-07
1.134999999999998366e+01 9.693692709778340014e-07 3.965858114236176190e-07
1.144999999999998508e+01 0.000000000000000000e+00 0.000000000000000000e+00
1.154999999999998295e+01 3.906444449159593366e-07 2.797571898311126245e-07
1.164999999999998437e+01 3.230768486928321407e-07 2.285667669403126716e-07
1.174999999999998224e+01 0.000000000000000000e+00 0.000000000000000000e+00
1.184999999999998366e+01 1.588317017713719441e-07 1.588317017715797583e-07
1.194999999999998153e+01 1.575908291013542021e-07 1.575908291013542021e-07
1.204999999999998295e+01 0.000000000000000000e+00 0.000000000000000000e+00
1.214999999999998082e+01 0.000000000000000000e+00 0.000000000000000000e+00
1.224999999999998224e+01 0.000000000000000000e+00 0.000000000000000000e+00
1.234999999999998010e+01 0.000000000000000000e+00 0.000000000000000000e+00
1.244999999999998153e+01 0.000000000000000000e+00 0.000000000000000000e+00
1.254999999999997939e+01 0.000000000000000000e+00 0.000000000000000000e+00
1.264999999999998082e+01 0.000000000000000000e+00 0.000000000000000000e+00
1.274999999999997868e+01 0.000000000000000000e+00 0.000000000000000000e+00
1.284999999999998010e+01 0.000000000000000000e+00 0.000000000000000000e+00
1.294999999999997797e+01 0.000000000000000000e+00 0.000000000000000000e+00
