7.049999999999999822e+00 0.000000000000000000e+00 0.000000000000000000e+00
7.149999999999999467e+00 0.000000000000000000e+00 0.000000000000000000e+00
7.249999999999999112e+00 0.000000000000000000e+00 0.000000000000000000e+00
7.349999999999998757e+00 0.000000000000000000e+00 0.000000000000000000e+00
7.449999999999998401e+00 0.000000000000000000e+00 0.000000000000000000e+00
7.549999999999998046e+00 0.000000000000000000e+00 0.000000000000000000e+00
7.649999999999997691e+00 0.000000000000000000e+00 0.000000000000000000e+00
7.749999999999997335e+00 0.000000000000000000e+00 0.000000000000000000e+00
7.849999999999996980e+00 0.000000000000000000e+00 0.000000000000000000e+00
7.949999999999996625e+00 0.000000000000000000e+00 0.000000000000000000e+00
8.049999999999997158e+00 0.000000000000000000e+00 0.000000000000000000e+00
8.149999999999995026e+00 0.000000000000000000e+00 0.000000000000000000e+00
8.249999999999996447e+00 0.000000000000000000e+00 0.000000000000000000e+00
8.349999999999994316e+00 0.000000000000000000e+00 0.000000000000000000e+00
8.449999999999995737e+00 0.000000000000000000e+00 0.000000000000000000e+00
8.549999999999993605e+00 0.000000000000000000e+00 0.000000000000000000e+00
8.649999999999995026e+00 0.000000000000000000e+00 0.000000000000000000e+00
8.749999999999992895e+00 0.000000000000000000e+00 0.000000000000000000e+00
8.849999999999994316e+00 0.000000000000000000e+00 0.000000000000000000e+00
8.949999999999992184e+00 0.000000000000000000e+00 0.000000000000000000e+00
9.049999999999993605e+00 0.000000000000000000e+00 0.000000000000000000e+00
9.149999999999991473e+00 0.000000000000000000e+00 0.000000000000000000e+00
9.249999999999992895e+00 0.000000000000000000e+00 0.000000000000000000e+00
9.349999999999990763e+00 0.000000000000000000e+00 0.000000000000000000e+00
9.449999999999992184e+00 0.000000000000000000e+00 0.000000000000000000e+00
9.549999999999990052e+00 0.000000000000000000e+00 0.000000000000000000e+00
9.649999999999991473e+00 0.000000000000000000e+00 0.000000000000000000e+00
9.749999999999989342e+00 0.000000000000000000e+00 0.000000000000000000e+00
9.849999999999990763e+00 0.000000000000000000e+00 0.000000000000000000e+00
9.949999999999988631e+00 0.000000000000000000e+00 0.000000000000000000e+00
1.004999999999999005e+01 0.000000000000000000e+00 0.000000000000000000e+00
1.014999999999998792e+01 3.830505083272093788e-07 2.708576119751239108e-07
1.024999999999998934e+01 0.000000000000000000e+00 0.000000000000000000e+00
1.034999999999998721e+01 1.149151524981628242e-06 4.691391455576908860e-07
1.044999999999998863e+01 1.214988331100367405e-06 4.996447187601802612e-07
1.054999999999998650e+01 1.340676779145232773e-06 5.067281923053361518e-07
1.064999999999998792e+01 3.830505083272093999e-06 8.565269754354895947e-07
1.074999999999998579e+01 2.199875179580663024e-05 2.098223537716132287e-06
1.084999999999998721e+01 6.028997708977823250e-05 3.491541313950187784e-06
1.094999999999998508e+01 1.481970976463020456e-04 5.531200256859063098e-06
1.104999999999998650e+01 2.806218780971102104e-04 7.569011030526753130e-06
1.114999999999998437e+01 3.296747525720381228e-04 8.327463276007340893e-06
1.124999999999998579e+01 2.700779032739344596e-04 7.444758733936833240e-06
1.134999999999998366e+01 1.765255139014922645e-04 6.030566831878785645e-06
1.144999999999998508e+01 9.235408097445796404e-05 4.338611966809354223e-06
1.154999999999998295e+01 3.674690272394309272e-05 2.689350097890688773e-06
1.164999999999998437e+01 1.368251687014859528e-05 1.624583076537418364e-06
1.174999999999998224e+01 3.064404066617675030e-06 7.661010166544187575e-07
1.184999999999998366e+01 1.082854321617223210e-06 4.970516553987537189e-07
1.194999999999998153e+01 1.915252541636046894e-07 1.915252541636046894e-07
1.204999999999998295e+01 3.830505083272093788e-07 2.708576119751239108e-07
1.214999999999998082e+01 3.830505083272093788e-07 2.708576119751239108e-07
1.224999999999998224e+01 0.000000000000000000e+00 0.000000000000000000e+00
1.234999999999998010e+01 0.000000000000000000e+00 0.000000000000000000e+00
1.244999999999998153e+01 0.000000000000000000e+00 0.000000000000000000e+00
1.254999999999997939e+01 0.000000000000000000e+00 0.000000000000000000e+00
1.264999999999998082e+01 0.000000000000000000e+00 0.000000000000000000e+00
1.274999999999997868e+01 0.000000000000000000e+00 0.000000000000000000e+00
1.284999999999998010e+01 0.000000000000000000e+00 0.000000000000000000e+00
1.294999999999997797e+01 0.000000000000000000e+00 0.000000000000000000e+00
