7.450000000000000178e+00 2.227650688078658681e-01
7.549999999999999822e+00 2.210283954469274004e-01
7.649999999999999467e+00 2.191262010800183735e-01
7.749999999999999112e+00 2.170417386219222478e-01
7.849999999999998757e+00 2.147776466472840762e-01
7.949999999999998401e+00 2.123640637272665166e-01
8.049999999999997158e+00 2.098338068060179029e-01
8.149999999999998579e+00 2.071901891583903810e-01
8.249999999999996447e+00 2.044072079051707791e-01
8.349999999999997868e+00 2.014510582199976196e-01
8.449999999999995737e+00 1.982943978888981607e-01
8.549999999999997158e+00 1.949211358283304274e-01
8.649999999999995026e+00 1.913355730424090573e-01
8.749999999999996447e+00 1.875788015609055337e-01
8.849999999999994316e+00 1.837162876475416651e-01
8.949999999999995737e+00 1.797935261250129535e-01
9.049999999999993605e+00 1.758085536013405392e-01
9.149999999999995026e+00 1.717179202418898654e-01
9.249999999999992895e+00 1.674694795088944033e-01
9.349999999999994316e+00 1.630454942259598194e-01
9.449999999999992184e+00 1.584835332062271285e-01
9.549999999999993605e+00 1.538500249311164914e-01
9.649999999999991473e+00 1.491766830906220420e-01
9.749999999999992895e+00 1.444282856956274619e-01
9.849999999999990763e+00 1.395379565659369825e-01
9.949999999999992184e+00 1.344440104795631696e-01
1.004999999999999005e+01 1.290664167915090144e-01
1.014999999999999147e+01 1.232584484608582748e-01
1.024999999999998934e+01 1.168157892724096675e-01
1.034999999999999076e+01 1.095646985830643488e-01
1.044999999999998863e+01 1.014674542732507401e-01
1.054999999999999005e+01 9.266594976588246602e-02
1.064999999999998792e+01 8.343048595435179071e-02
1.074999999999998934e+01 7.405398020893029509e-02
1.084999999999998721e+01 6.476999008913568445e-02
1.094999999999998863e+01 5.573674461004998748e-02
1.104999999999998650e+01 4.707039449363681349e-02
1.114999999999998792e+01 3.888881594638341627e-02
1.124999999999998579e+01 3.133756817502354047e-02
1.134999999999998721e+01 2.458510746042569250e-02
1.144999999999998508e+01 1.878785302848592909e-02
1.154999999999998650e+01 1.404082658334877658e-02
1.164999999999998437e+01 1.034120083493019794e-02
1.174999999999998579e+01 7.587022101609047255e-03
1.184999999999998366e+01 5.610683922082220464e-03
1.194999999999998508e+01 4.225734451041658103e-03
1.204999999999998295e+01 3.263824170154599850e-03
