1.005000000000000071e+01 9.657267477284674962e-37
1.014999999999999858e+01 1.015610205016025481e-30
1.025000000000000000e+01 2.372224578657109976e-25
1.034999999999999787e+01 1.237833485486200619e-20
1.044999999999999929e+01 1.462361281659498118e-16
1.054999999999999716e+01 4.025635404785630079e-13
1.064999999999999858e+01 2.725295557693620026e-10
1.074999999999999645e+01 4.671915861262282636e-08
1.084999999999999787e+01 2.419174258336987046e-06
1.094999999999999574e+01 4.174520874870387728e-05
1.104999999999999716e+01 2.967674868260772531e-04
1.114999999999999503e+01 1.241845209788533869e-03
1.124999999999999645e+01 3.940744522889132531e-03
1.134999999999999432e+01 1.063597946043092629e-02
1.144999999999999574e+01 2.583763988160927769e-02
1.154999999999999361e+01 5.274637444692923532e-02
1.164999999999999503e+01 8.278788288677940699e-02
1.174999999999999289e+01 9.663428282184072238e-02
1.184999999999999432e+01 8.418811796416481030e-02
1.194999999999999218e+01 5.731438742618846088e-02
1.204999999999999361e+01 3.349280198693214972e-02
1.214999999999999147e+01 1.867914318577268071e-02
1.224999999999999289e+01 1.074637754809754618e-02
1.234999999999999076e+01 6.625635599314027603e-03
1.244999999999999218e+01 4.409539485362936120e-03
1.254999999999999005e+01 3.139705542741045262e-03
1.264999999999999147e+01 2.361609850780369956e-03
1.274999999999998934e+01 1.858251485191593933e-03
1.284999999999999076e+01 1.522219273729212693e-03
1.294999999999998863e+01 1.297781441686051470e-03
1.304999999999999005e+01 1.154806750298632443e-03
1.314999999999998792e+01 1.076871524645194120e-03
1.324999999999998934e+01 1.056248317756303340e-03
1.334999999999998721e+01 1.091215716520912461e-03
1.344999999999998863e+01 1.184461808698643358e-03
1.354999999999998650e+01 1.349242960481635261e-03
1.364999999999998792e+01 1.590177343566675670e-03
1.374999999999998579e+01 1.938556815203003759e-03
1.384999999999998721e+01 2.427037844179896504e-03
1.394999999999998508e+01 3.063696007421510756e-03
1.404999999999998650e+01 3.885325346522501902e-03
1.414999999999998437e+01 4.922488392648248154e-03
1.424999999999998579e+01 6.194527199606831083e-03
1.434999999999998366e+01 7.709514854137527844e-03
1.444999999999998508e+01 9.457095352641933447e-03
1.454999999999998295e+01 1.140326377360696697e-02
1.464999999999998437e+01 1.348701019444595826e-02
1.474999999999998224e+01 1.555629300454246071e-02
1.484999999999998366e+01 1.761043252587608104e-02
1.494999999999998153e+01 1.947343444210967306e-02
