7.450000000000000178e+00 2.240348454767517594e-01
7.549999999999999822e+00 2.221234473327726444e-01
7.649999999999999467e+00 2.200362203736811462e-01
7.749999999999999112e+00 2.177646092816225287e-01
7.849999999999998757e+00 2.153267113018389189e-01
7.949999999999998401e+00 2.127606815237829130e-01
8.049999999999997158e+00 2.100950609167667738e-01
8.149999999999998579e+00 2.073203237393974330e-01
8.249999999999996447e+00 2.043956958216656128e-01
8.349999999999997868e+00 2.012778818772884004e-01
8.449999999999995737e+00 1.979414870259641190e-01
8.549999999999997158e+00 1.943867693313251765e-01
8.649999999999995026e+00 1.906470374516610333e-01
8.749999999999996447e+00 1.867940242459903422e-01
8.849999999999994316e+00 1.829002206054285706e-01
8.949999999999995737e+00 1.789722649817750977e-01
9.049999999999993605e+00 1.749391684243743472e-01
9.149999999999995026e+00 1.707099947589365563e-01
9.249999999999992895e+00 1.662401788672844272e-01
9.349999999999994316e+00 1.615542383295470175e-01
9.449999999999992184e+00 1.567253076342096929e-01
9.549999999999993605e+00 1.518371005230668147e-01
9.649999999999991473e+00 1.469371585422498405e-01
9.749999999999992895e+00 1.420106718054682804e-01
9.849999999999990763e+00 1.369974625501188537e-01
9.949999999999992184e+00 1.318165919434529654e-01
1.004999999999999005e+01 1.263621350217793982e-01
1.014999999999999147e+01 1.204823232242291514e-01
1.024999999999998934e+01 1.139863343469596918e-01
1.034999999999999076e+01 1.067084595470714076e-01
1.044999999999998863e+01 9.860768326057467448e-02
1.054999999999999005e+01 8.982983478789055565e-02
1.064999999999998792e+01 8.066626579114638540e-02
1.074999999999998934e+01 7.143381469604433154e-02
1.084999999999998721e+01 6.237445230588060247e-02
1.094999999999998863e+01 5.363501935507377499e-02
1.104999999999998650e+01 4.530728724762141113e-02
1.114999999999998792e+01 3.747949714056851567e-02
1.124999999999998579e+01 3.026674433989047508e-02
1.134999999999998721e+01 2.380921332328967202e-02
1.144999999999998508e+01 1.824171664617984731e-02
1.154999999999998650e+01 1.364979298321114531e-02
1.164999999999998437e+01 1.003584858473360354e-02
1.174999999999998579e+01 7.314710330921805892e-03
1.184999999999998366e+01 5.339797723666292115e-03
1.194999999999998508e+01 3.942975924704052518e-03
1.204999999999998295e+01 2.968038844223582200e-03
