7.049999999999999822e+00 0.000000000000000000e+00 0.000000000000000000e+00
7.149999999999999467e+00 0.000000000000000000e+00 0.000000000000000000e+00
7.249999999999999112e+00 0.000000000000000000e+00 0.000000000000000000e+00
7.349999999999998757e+00 0.000000000000000000e+00 0.000000000000000000e+00
7.449999999999998401e+00 0.000000000000000000e+00 0.000000000000000000e+00
7.549999999999998046e+00 0.000000000000000000e+00 0.000000000000000000e+00
7.649999999999997691e+00 0.000000000000000000e+00 0.000000000000000000e+00
7.749999999999997335e+00 0.000000000000000000e+00 0.000000000000000000e+00
7.849999999999996980e+00 0.000000000000000000e+00 0.000000000000000000e+00
7.949999999999996625e+00 0.000000000000000000e+00 0.000000000000000000e+00
8.049999999999997158e+00 0.000000000000000000e+00 0.000000000000000000e+00
8.149999999999995026e+00 0.000000000000000000e+00 0.000000000000000000e+00
8.249999999999996447e+00 0.000000000000000000e+00 0.000000000000000000e+00
8.349999999999994316e+00 0.000000000000000000e+00 0.000000000000000000e+00
8.449999999999995737e+00 0.000000000000000000e+00 0.000000000000000000e+00
8.549999999999993605e+00 0.000000000000000000e+00 0.000000000000000000e+00
8.649999999999995026e+00 0.000000000000000000e+00 0.000000000000000000e+00
8.749999999999992895e+00 0.000000000000000000e+00 0.000000000000000000e+00
8.849999999999994316e+00 0.000000000000000000e+00 0.000000000000000000e+00
8.949999999999992184e+00 0.000000000000000000e+00 0.000000000000000000e+00
9.049999999999993605e+00 0.000000000000000000e+00 0.000000000000000000e+00
9.149999999999991473e+00 0.000000000000000000e+00 0.000000000000000000e+00
9.249999999999992895e+00 0.000000000000000000e+00 0.000000000000000000e+00
9.349999999999990763e+00 0.000000000000000000e+00 0.000000000000000000e+00
9.449999999999992184e+00 0.000000000000000000e+00 0.000000000000000000e+00
9.549999999999990052e+00 0.000000000000000000e+00 0.000000000000000000e+00
9.649999999999991473e+00 0.000000000000000000e+00 0.000000000000000000e+00
9.749999999999989342e+00 0.000000000000000000e+00 0.000000000000000000e+00
9.849999999999990763e+00 0.000000000000000000e+00 0.000000000000000000e+00
9.949999999999988631e+00 0.000000000000000000e+00 0.000000000000000000e+00
1.004999999999999005e+01 1.417474297159783895e-06 5.786814585919475318e-07
1.014999999999998792e+01 3.307440026706162915e-06 8.839505290883510792e-07
1.024999999999998934e+01 1.653720013353081457e-06 6.250474133518097227e-07
1.034999999999998721e+01 2.126211445739676159e-06 7.087371485798919473e-07
1.044999999999998863e+01 2.614322429610125081e-06 7.883885446015329345e-07
1.054999999999998650e+01 1.889965729546378597e-06 6.682037917862124896e-07
1.064999999999998792e+01 1.667621665648700579e-05 2.060203237745677383e-06
1.074999999999998579e+01 1.292620338098160275e-04 5.661062501017086478e-06
1.084999999999998721e+01 4.985828386036169051e-04 1.145618662609812546e-05
1.094999999999998508e+01 1.136472615217372622e-03 3.470717620202079995e-05
1.104999999999998650e+01 1.437196672390557472e-03 1.897506611477013625e-05
1.114999999999998437e+01 1.122374237528329455e-03 1.683001076140631258e-05
1.124999999999998579e+01 7.114081741415904329e-04 1.343768246195489403e-05
1.134999999999998366e+01 3.822608582908264751e-04 9.958501433765246027e-06
1.144999999999998508e+01 1.859645670506134929e-04 6.828349371736517135e-06
1.154999999999998295e+01 7.918636257757578900e-05 4.495336112068956631e-06
1.164999999999998437e+01 3.149206982520957513e-05 2.831109749686631999e-06
1.174999999999998224e+01 9.985504659320021336e-06 1.715560032561726629e-06
1.184999999999998366e+01 3.547406147878773891e-06 9.159433809938007947e-07
1.194999999999998153e+01 4.724914323865946492e-07 3.341018958931062448e-07
1.204999999999998295e+01 0.000000000000000000e+00 0.000000000000000000e+00
1.214999999999998082e+01 2.362457161932973246e-07 2.362457161932973246e-07
1.224999999999998224e+01 0.000000000000000000e+00 0.000000000000000000e+00
1.234999999999998010e+01 0.000000000000000000e+00 0.000000000000000000e+00
1.244999999999998153e+01 0.000000000000000000e+00 0.000000000000000000e+00
1.254999999999997939e+01 0.000000000000000000e+00 0.000000000000000000e+00
1.264999999999998082e+01 0.000000000000000000e+00 0.000000000000000000e+00
1.274999999999997868e+01 0.000000000000000000e+00 0.000000000000000000e+00
1.284999999999998010e+01 0.000000000000000000e+00 0.000000000000000000e+00
1.294999999999997797e+01 0.000000000000000000e+00 0.000000000000000000e+00
