1.005000000000000071e+01 0.000000000000000000e+00
1.014999999999999858e+01 0.000000000000000000e+00
1.025000000000000000e+01 0.000000000000000000e+00
1.034999999999999787e+01 0.000000000000000000e+00
1.044999999999999929e+01 0.000000000000000000e+00
1.054999999999999716e+01 0.000000000000000000e+00
1.064999999999999858e+01 0.000000000000000000e+00
1.074999999999999645e+01 0.000000000000000000e+00
1.084999999999999787e+01 6.682433158962327648e-07
1.094999999999999574e+01 1.366898453953849341e-05
1.104999999999999716e+01 1.446270354266029315e-04
1.114999999999999503e+01 8.078725199761310066e-04
1.124999999999999645e+01 2.563595661585461004e-03
1.134999999999999432e+01 5.677285817134629722e-03
1.144999999999999574e+01 1.038193035057936343e-02
1.154999999999999361e+01 1.721084392812005648e-02
1.164999999999999503e+01 2.692300922030508789e-02
1.174999999999999289e+01 3.727548422800221195e-02
1.184999999999999432e+01 4.295189884659362384e-02
1.194999999999999218e+01 4.055268478993484527e-02
1.204999999999999361e+01 3.409711397241018543e-02
1.214999999999999147e+01 2.683822682786413116e-02
1.224999999999999289e+01 2.230044533282382266e-02
1.234999999999999076e+01 1.882388717831755612e-02
1.244999999999999218e+01 1.623840468277196192e-02
1.254999999999999005e+01 1.501621271076524280e-02
1.264999999999999147e+01 1.420800414454085822e-02
1.274999999999998934e+01 1.303794539565016411e-02
1.284999999999999076e+01 1.272741348610358612e-02
1.294999999999998863e+01 1.211641885479278723e-02
1.304999999999999005e+01 1.153222238607874879e-02
1.314999999999998792e+01 1.064824222718959747e-02
1.324999999999998934e+01 1.113816189896530730e-02
1.334999999999998721e+01 1.050772626931567241e-02
1.344999999999998863e+01 1.069345430978612885e-02
1.354999999999998650e+01 1.256544502617800915e-02
1.364999999999998792e+01 1.326352530541012251e-02
1.374999999999998579e+01 1.250000000000000069e-02
1.384999999999998721e+01 1.308411214953270930e-02
1.394999999999998508e+01 1.874999999999999931e-02
1.404999999999998650e+01 1.408450704225352144e-02
1.414999999999998437e+01 9.090909090909090468e-03
1.424999999999998579e+01 2.307692307692307820e-02
1.434999999999998366e+01 5.000000000000000278e-02
1.444999999999998508e+01 nan
1.454999999999998295e+01 nan
1.464999999999998437e+01 0.000000000000000000e+00
1.474999999999998224e+01 nan
1.484999999999998366e+01 nan
1.494999999999998153e+01 nan
