7.049999999999999822e+00 0.000000000000000000e+00 0.000000000000000000e+00
7.149999999999999467e+00 0.000000000000000000e+00 0.000000000000000000e+00
7.249999999999999112e+00 0.000000000000000000e+00 0.000000000000000000e+00
7.349999999999998757e+00 0.000000000000000000e+00 0.000000000000000000e+00
7.449999999999998401e+00 0.000000000000000000e+00 0.000000000000000000e+00
7.549999999999998046e+00 0.000000000000000000e+00 0.000000000000000000e+00
7.649999999999997691e+00 0.000000000000000000e+00 0.000000000000000000e+00
7.749999999999997335e+00 0.000000000000000000e+00 0.000000000000000000e+00
7.849999999999996980e+00 0.000000000000000000e+00 0.000000000000000000e+00
7.949999999999996625e+00 0.000000000000000000e+00 0.000000000000000000e+00
8.049999999999997158e+00 0.000000000000000000e+00 0.000000000000000000e+00
8.149999999999995026e+00 0.000000000000000000e+00 0.000000000000000000e+00
8.249999999999996447e+00 0.000000000000000000e+00 0.000000000000000000e+00
8.349999999999994316e+00 0.000000000000000000e+00 0.000000000000000000e+00
8.449999999999995737e+00 0.000000000000000000e+00 0.000000000000000000e+00
8.549999999999993605e+00 0.000000000000000000e+00 0.000000000000000000e+00
8.649999999999995026e+00 0.000000000000000000e+00 0.000000000000000000e+00
8.749999999999992895e+00 0.000000000000000000e+00 0.000000000000000000e+00
8.849999999999994316e+00 0.000000000000000000e+00 0.000000000000000000e+00
8.949999999999992184e+00 0.000000000000000000e+00 0.000000000000000000e+00
9.049999999999993605e+00 0.000000000000000000e+00 0.000000000000000000e+00
9.149999999999991473e+00 0.000000000000000000e+00 0.000000000000000000e+00
9.249999999999992895e+00 0.000000000000000000e+00 0.000000000000000000e+00
9.349999999999990763e+00 0.000000000000000000e+00 0.000000000000000000e+00
9.449999999999992184e+00 0.000000000000000000e+00 0.000000000000000000e+00
9.549999999999990052e+00 0.000000000000000000e+00 0.000000000000000000e+00
9.649999999999991473e+00 0.000000000000000000e+00 0.000000000000000000e+00
9.749999999999989342e+00 1.227872345711083821e-06 7.089124293267913295e-07
9.849999999999990763e+00 5.597184329150523443e-06 1.574930122007291207e-06
9.949999999999988631e+00 4.917934906968803411e-06 1.419698933511840180e-06
1.004999999999999005e+01 7.867484854375167796e-06 1.903634204704765568e-06
1.014999999999998792e+01 5.938628675960003562e-06 1.697396943043399924e-06
1.024999999999998934e+01 7.583917429391989003e-06 1.937027764074251507e-06
1.034999999999998721e+01 3.690062561257717472e-06 1.230035865070870245e-06
1.044999999999998863e+01 3.683617037133251463e-06 1.227872345711083821e-06
1.054999999999998650e+01 1.241941716339023967e-05 2.271680505183510220e-06
1.064999999999998792e+01 3.592635107072576176e-05 3.858205742862429931e-06
1.074999999999998579e+01 1.362823190463174352e-04 7.867541558721135727e-06
1.084999999999998721e+01 4.214845943769508882e-04 1.344011737172405296e-05
1.094999999999998508e+01 9.704344045892458401e-04 2.083669764326908706e-05
1.104999999999998650e+01 1.576552390522212169e-03 2.664721932980694175e-05
1.114999999999998437e+01 1.344893924756299748e-03 2.421360972486025158e-05
1.124999999999998579e+01 7.544982787093142389e-04 1.857185920851846998e-05
1.134999999999998366e+01 3.667835354975741008e-04 1.350813103183647882e-05
1.144999999999998508e+01 1.980265035744279160e-04 9.657125180515151579e-06
1.154999999999998295e+01 9.952970777488109107e-05 6.992832399856393181e-06
1.164999999999998437e+01 3.137743269797300705e-05 3.846861179217586101e-06
1.174999999999998224e+01 7.367234074266502925e-06 1.736473724167480218e-06
1.184999999999998366e+01 2.865035473325861966e-06 1.082881622828351504e-06
1.194999999999998153e+01 1.814779882025829685e-06 1.152149720098817928e-06
1.204999999999998295e+01 0.000000000000000000e+00 0.000000000000000000e+00
1.214999999999998082e+01 0.000000000000000000e+00 0.000000000000000000e+00
1.224999999999998224e+01 0.000000000000000000e+00 0.000000000000000000e+00
1.234999999999998010e+01 0.000000000000000000e+00 0.000000000000000000e+00
1.244999999999998153e+01 0.000000000000000000e+00 0.000000000000000000e+00
1.254999999999997939e+01 0.000000000000000000e+00 0.000000000000000000e+00
1.264999999999998082e+01 0.000000000000000000e+00 0.000000000000000000e+00
1.274999999999997868e+01 0.000000000000000000e+00 0.000000000000000000e+00
1.284999999999998010e+01 0.000000000000000000e+00 0.000000000000000000e+00
1.294999999999997797e+01 0.000000000000000000e+00 0.000000000000000000e+00
