7.049999999999999822e+00 0.000000000000000000e+00 0.000000000000000000e+00
7.149999999999999467e+00 0.000000000000000000e+00 0.000000000000000000e+00
7.249999999999999112e+00 0.000000000000000000e+00 0.000000000000000000e+00
7.349999999999998757e+00 0.000000000000000000e+00 0.000000000000000000e+00
7.449999999999998401e+00 0.000000000000000000e+00 0.000000000000000000e+00
7.549999999999998046e+00 0.000000000000000000e+00 0.000000000000000000e+00
7.649999999999997691e+00 0.000000000000000000e+00 0.000000000000000000e+00
7.749999999999997335e+00 0.000000000000000000e+00 0.000000000000000000e+00
7.849999999999996980e+00 0.000000000000000000e+00 0.000000000000000000e+00
7.949999999999996625e+00 6.699200103829219855e-07 3.350928204247498368e-07
8.049999999999997158e+00 2.412325450760432684e-06 7.573813371984996325e-07
8.149999999999995026e+00 5.988867777154851025e-06 1.046731067058176350e-06
8.249999999999996447e+00 9.535979762876453696e-06 1.348826002184367512e-06
8.349999999999994316e+00 1.501656023447899956e-05 1.669207159688847500e-06
8.449999999999995737e+00 3.121122920269847026e-05 2.435397987951606378e-06
8.549999999999993605e+00 3.780198361385437385e-05 2.874808010583111490e-06
8.649999999999995026e+00 5.994699865473537544e-05 3.527855427856734778e-06
8.749999999999992895e+00 8.616832022702736876e-05 4.191229785568851807e-06
8.849999999999994316e+00 1.104082341285565392e-04 4.754557640839010534e-06
8.949999999999992184e+00 1.342652786523103488e-04 5.067633495545750569e-06
9.049999999999993605e+00 1.686542408339824378e-04 5.990426762199909676e-06
9.149999999999991473e+00 2.237499824024570473e-04 6.984474927488784596e-06
9.249999999999992895e+00 2.658342728679468823e-04 7.208011900025415891e-06
9.349999999999990763e+00 3.441613134888497883e-04 8.566257310825516597e-06
9.449999999999992184e+00 3.794486422646419724e-04 9.141370824006358136e-06
9.549999999999990052e+00 4.287994508458601553e-04 1.047720945001576033e-05
9.649999999999991473e+00 4.598950117187900963e-04 9.829375377206732163e-06
9.749999999999989342e+00 4.882434769980192836e-04 1.029627694464342423e-05
9.849999999999990763e+00 4.669727237906544327e-04 9.748374482215193054e-06
9.949999999999988631e+00 4.104978005105864853e-04 1.010951784338197117e-05
1.004999999999999005e+01 3.470646081869554513e-04 8.525326785385049742e-06
1.014999999999998792e+01 2.697686745556135521e-04 8.136000674587699641e-06
1.024999999999998934e+01 1.940557051445438547e-04 6.520543757380608211e-06
1.034999999999998721e+01 1.296513461760937002e-04 5.490752468962141299e-06
1.044999999999998863e+01 8.391176992206967873e-05 4.359677034490279049e-06
1.054999999999998650e+01 5.445541325252405823e-05 5.683558484165582930e-06
1.064999999999998792e+01 2.921922817543109397e-05 2.462121435719648130e-06
1.074999999999998579e+01 1.406996184729049011e-05 1.689338675397669551e-06
1.084999999999998721e+01 7.741829949527852557e-06 1.237545623296818574e-06
1.094999999999998508e+01 5.595351775376317164e-06 1.004752083064492274e-06
1.104999999999998650e+01 3.703327989281147989e-06 9.128111205121604491e-07
1.114999999999998437e+01 1.218504338585693344e-06 4.639702313433581284e-07
1.124999999999998579e+01 5.127343701560251988e-07 2.964109656598223590e-07
1.134999999999998366e+01 3.295135010420063605e-07 2.330012310793232067e-07
1.144999999999998508e+01 1.647567505210031803e-07 1.647567505210031803e-07
1.154999999999998295e+01 1.647567505210031803e-07 1.647567505210031803e-07
1.164999999999998437e+01 0.000000000000000000e+00 0.000000000000000000e+00
1.174999999999998224e+01 1.647567505210031803e-07 1.647567505210031803e-07
1.184999999999998366e+01 0.000000000000000000e+00 0.000000000000000000e+00
1.194999999999998153e+01 0.000000000000000000e+00 0.000000000000000000e+00
1.204999999999998295e+01 0.000000000000000000e+00 0.000000000000000000e+00
1.214999999999998082e+01 0.000000000000000000e+00 0.000000000000000000e+00
1.224999999999998224e+01 0.000000000000000000e+00 0.000000000000000000e+00
1.234999999999998010e+01 0.000000000000000000e+00 0.000000000000000000e+00
1.244999999999998153e+01 0.000000000000000000e+00 0.000000000000000000e+00
1.254999999999997939e+01 0.000000000000000000e+00 0.000000000000000000e+00
1.264999999999998082e+01 0.000000000000000000e+00 0.000000000000000000e+00
1.274999999999997868e+01 0.000000000000000000e+00 0.000000000000000000e+00
1.284999999999998010e+01 0.000000000000000000e+00 0.000000000000000000e+00
1.294999999999997797e+01 0.000000000000000000e+00 0.000000000000000000e+00
