1.165006770731401298e-01 6.340858324225848719e+01
1.549474780968614351e-01 5.304951886278591644e+01
2.060822440843366743e-01 4.923131489983431663e+01
2.740921752872102490e-01 4.327358690180820133e+01
3.645463047409858159e-01 3.879128847294363425e+01
4.848515217957365397e-01 3.512684646434702529e+01
6.448590895871766371e-01 3.051592956864566730e+01
8.576713214863194157e-01 2.736393074079003185e+01
1.140714471701101296e+00 2.332287025778876810e+01
1.517165694305051771e+00 2.026616568754450753e+01
2.017850918068533339e+00 1.777391329692137489e+01
2.683769045684297083e+00 1.478223199209447714e+01
3.569449172918817581e+00 1.255171698638239164e+01
4.747415735545228443e+00 1.073474296057220911e+01
6.314127215228745982e+00 8.869960058645784073e+00
8.397874698773046376e+00 7.214661768786745810e+00
1.116928706887600242e+01 5.682548985597472679e+00
1.485530305009045371e+01 4.368684379240499460e+00
1.975775421915398411e+01 3.263605817880444793e+00
2.627808066036861590e+01 2.310986282980093787e+00
