1.165006770731401298e-01 6.846711407105706826e+01
1.549474780968614351e-01 5.118646275355519037e+01
2.060822440843366743e-01 4.945519191021442396e+01
2.740921752872102490e-01 4.476690369335160824e+01
3.645463047409858159e-01 4.472608046949297034e+01
4.848515217957365397e-01 3.911641908381222521e+01
6.448590895871766371e-01 3.376028319531283017e+01
8.576713214863194157e-01 2.971115446432979113e+01
1.140714471701101296e+00 2.613074867074256602e+01
1.517165694305051771e+00 2.191094778435606827e+01
2.017850918068533339e+00 1.937513700207451706e+01
2.683769045684297083e+00 1.669798086763571021e+01
3.569449172918817581e+00 1.415137212711705317e+01
4.747415735545228443e+00 1.178690233427284006e+01
6.314127215228745982e+00 9.805834889436328083e+00
8.397874698773046376e+00 7.889392763356506855e+00
1.116928706887600242e+01 6.265247542538172176e+00
1.485530305009045371e+01 4.847731753649932251e+00
1.975775421915398411e+01 3.536253838067481947e+00
2.627808066036861590e+01 2.455969283070023934e+00
