1.005000000000000071e+01 0.000000000000000000e+00
1.014999999999999858e+01 0.000000000000000000e+00
1.025000000000000000e+01 0.000000000000000000e+00
1.034999999999999787e+01 0.000000000000000000e+00
1.044999999999999929e+01 0.000000000000000000e+00
1.054999999999999716e+01 0.000000000000000000e+00
1.064999999999999858e+01 4.009311224387517487e-08
1.074999999999999645e+01 1.065687452139215401e-06
1.084999999999999787e+01 3.168492179612334277e-05
1.094999999999999574e+01 2.620882111900075953e-04
1.104999999999999716e+01 1.201217558183975253e-03
1.114999999999999503e+01 3.667045674829134266e-03
1.124999999999999645e+01 9.398556470358221740e-03
1.134999999999999432e+01 2.224435602236380857e-02
1.144999999999999574e+01 4.789809530588574893e-02
1.154999999999999361e+01 8.617051765671837615e-02
1.164999999999999503e+01 1.203640864417458572e-01
1.174999999999999289e+01 1.253682448684257655e-01
1.184999999999999432e+01 9.686773408780524619e-02
1.194999999999999218e+01 5.797511277597213603e-02
1.204999999999999361e+01 2.966761285596557565e-02
1.214999999999999147e+01 1.482493171095107878e-02
1.224999999999999289e+01 7.963076038935382184e-03
1.234999999999999076e+01 4.729689097360033692e-03
1.244999999999999218e+01 3.001640032037834922e-03
1.254999999999999005e+01 2.045322204968943753e-03
1.264999999999999147e+01 1.643598615916954829e-03
1.274999999999998934e+01 1.153375202433147822e-03
1.284999999999999076e+01 8.023303352412099795e-04
1.294999999999998863e+01 7.110448974063790029e-04
1.304999999999999005e+01 6.383350821965722141e-04
1.314999999999998792e+01 7.897218293257898553e-04
1.324999999999998934e+01 8.316951459246939033e-04
1.334999999999998721e+01 6.347862886161658282e-04
1.344999999999998863e+01 5.653079440642666759e-04
1.354999999999998650e+01 9.674922600619196168e-04
1.364999999999998792e+01 7.134363852556479309e-04
1.374999999999998579e+01 5.818786367414796124e-04
1.384999999999998721e+01 1.124999999999999915e-03
1.394999999999998508e+01 1.639344262295081966e-03
1.404999999999998650e+01 1.230769230769230812e-03
1.414999999999998437e+01 1.546391752577319732e-03
1.424999999999998579e+01 9.615384615384615918e-04
1.434999999999998366e+01 0.000000000000000000e+00
1.444999999999998508e+01 0.000000000000000000e+00
1.454999999999998295e+01 0.000000000000000000e+00
1.464999999999998437e+01 0.000000000000000000e+00
1.474999999999998224e+01 0.000000000000000000e+00
1.484999999999998366e+01 nan
1.494999999999998153e+01 nan
