7.049999999999999822e+00 0.000000000000000000e+00 0.000000000000000000e+00
7.149999999999999467e+00 0.000000000000000000e+00 0.000000000000000000e+00
7.249999999999999112e+00 0.000000000000000000e+00 0.000000000000000000e+00
7.349999999999998757e+00 0.000000000000000000e+00 0.000000000000000000e+00
7.449999999999998401e+00 0.000000000000000000e+00 0.000000000000000000e+00
7.549999999999998046e+00 0.000000000000000000e+00 0.000000000000000000e+00
7.649999999999997691e+00 0.000000000000000000e+00 0.000000000000000000e+00
7.749999999999997335e+00 0.000000000000000000e+00 0.000000000000000000e+00
7.849999999999996980e+00 0.000000000000000000e+00 0.000000000000000000e+00
7.949999999999996625e+00 0.000000000000000000e+00 0.000000000000000000e+00
8.049999999999997158e+00 0.000000000000000000e+00 0.000000000000000000e+00
8.149999999999995026e+00 0.000000000000000000e+00 0.000000000000000000e+00
8.249999999999996447e+00 0.000000000000000000e+00 0.000000000000000000e+00
8.349999999999994316e+00 0.000000000000000000e+00 0.000000000000000000e+00
8.449999999999995737e+00 0.000000000000000000e+00 0.000000000000000000e+00
8.549999999999993605e+00 0.000000000000000000e+00 0.000000000000000000e+00
8.649999999999995026e+00 0.000000000000000000e+00 0.000000000000000000e+00
8.749999999999992895e+00 0.000000000000000000e+00 0.000000000000000000e+00
8.849999999999994316e+00 0.000000000000000000e+00 0.000000000000000000e+00
8.949999999999992184e+00 0.000000000000000000e+00 0.000000000000000000e+00
9.049999999999993605e+00 0.000000000000000000e+00 0.000000000000000000e+00
9.149999999999991473e+00 5.502743430063484538e-07 5.502743430063484538e-07
9.249999999999992895e+00 0.000000000000000000e+00 0.000000000000000000e+00
9.349999999999990763e+00 0.000000000000000000e+00 0.000000000000000000e+00
9.449999999999992184e+00 0.000000000000000000e+00 0.000000000000000000e+00
9.549999999999990052e+00 0.000000000000000000e+00 0.000000000000000000e+00
9.649999999999991473e+00 1.100548686012696908e-06 7.782054389055224251e-07
9.749999999999989342e+00 4.004471704056100055e-06 1.520123351615599156e-06
9.849999999999990763e+00 4.525532096793590759e-06 1.820633997069987115e-06
9.949999999999988631e+00 6.850606427539708027e-06 1.991724890646501921e-06
1.004999999999999005e+01 8.804389488101575261e-06 2.201097372025393815e-06
1.014999999999998792e+01 7.153566459082528946e-06 1.984042359281648200e-06
1.024999999999998934e+01 6.053017773069832251e-06 1.825053527511385749e-06
1.034999999999998721e+01 4.033454204922821120e-06 1.533738660682866611e-06
1.044999999999998863e+01 8.747743599850918696e-06 2.308453808758230593e-06
1.054999999999998650e+01 1.794287411302843510e-05 3.860783978536289232e-06
1.064999999999998792e+01 9.683589803041930467e-05 7.452844408767155385e-06
1.074999999999998579e+01 2.271775734727056668e-04 1.151832495088014557e-05
1.084999999999998721e+01 4.336534000129135162e-04 1.601143637525130880e-05
1.094999999999998508e+01 7.422341934515502794e-04 2.112796360377681157e-05
1.104999999999998650e+01 1.103642638473962233e-03 2.539255028374322478e-05
1.114999999999998437e+01 1.223453803545908412e-03 2.668878994914129614e-05
1.124999999999998579e+01 8.274650733794847732e-04 2.237274904986200473e-05
1.134999999999998366e+01 4.052075991887816924e-04 1.854584352836562250e-05
1.144999999999998508e+01 2.090106251025382333e-04 1.123782912306664887e-05
1.154999999999998295e+01 8.249839004919482866e-05 6.818850221338604601e-06
1.164999999999998437e+01 3.157193720957410097e-05 4.242633857018944887e-06
1.174999999999998224e+01 1.253331613734491469e-05 3.104039381326595018e-06
1.184999999999998366e+01 2.201097372025393815e-06 1.100548686012696908e-06
1.194999999999998153e+01 5.502743430063484538e-07 5.502743430063484538e-07
1.204999999999998295e+01 0.000000000000000000e+00 0.000000000000000000e+00
1.214999999999998082e+01 0.000000000000000000e+00 0.000000000000000000e+00
1.224999999999998224e+01 0.000000000000000000e+00 0.000000000000000000e+00
1.234999999999998010e+01 0.000000000000000000e+00 0.000000000000000000e+00
1.244999999999998153e+01 0.000000000000000000e+00 0.000000000000000000e+00
1.254999999999997939e+01 0.000000000000000000e+00 0.000000000000000000e+00
1.264999999999998082e+01 0.000000000000000000e+00 0.000000000000000000e+00
1.274999999999997868e+01 0.000000000000000000e+00 0.000000000000000000e+00
1.284999999999998010e+01 0.000000000000000000e+00 0.000000000000000000e+00
1.294999999999997797e+01 0.000000000000000000e+00 0.000000000000000000e+00
