1.005000000000000071e+01 1.071383767443462864e-08
1.014999999999999858e+01 1.536384401656034218e-08
1.025000000000000000e+01 3.281793749786627244e-08
1.034999999999999787e+01 5.780830426117424138e-09
1.044999999999999929e+01 7.172151724345207243e-08
1.054999999999999716e+01 6.964981707201027064e-08
1.064999999999999858e+01 1.216421160359203070e-07
1.074999999999999645e+01 3.084491819475987135e-07
1.084999999999999787e+01 1.120369856146404801e-06
1.094999999999999574e+01 3.058221946367754167e-06
1.104999999999999716e+01 1.167595575571405577e-05
1.114999999999999503e+01 3.632727264761479162e-05
1.124999999999999645e+01 1.008121600341457081e-04
1.134999999999999432e+01 2.568138009635818593e-04
1.144999999999999574e+01 6.100294584268023748e-04
1.154999999999999361e+01 1.315675418280221314e-03
1.164999999999999503e+01 2.480840632701801756e-03
1.174999999999999289e+01 4.173199776787137917e-03
1.184999999999999432e+01 6.398736511007396474e-03
1.194999999999999218e+01 9.238999250773899385e-03
1.204999999999999361e+01 1.305681541375422125e-02
1.214999999999999147e+01 1.802442017763736248e-02
1.224999999999999289e+01 2.381731839341006893e-02
1.234999999999999076e+01 2.954735455993559579e-02
1.244999999999999218e+01 3.500915057911807571e-02
1.254999999999999005e+01 3.983622772528244010e-02
1.264999999999999147e+01 4.351744224096783242e-02
1.274999999999998934e+01 4.680448398973373336e-02
1.284999999999999076e+01 4.986070846201975937e-02
1.294999999999998863e+01 5.268579990062225576e-02
1.304999999999999005e+01 5.478832222504907701e-02
1.314999999999998792e+01 5.751502926815045547e-02
1.324999999999998934e+01 5.858587633634909642e-02
1.334999999999998721e+01 6.173686018780682322e-02
1.344999999999998863e+01 6.329161726633371343e-02
1.354999999999998650e+01 6.576058945068452566e-02
1.364999999999998792e+01 6.698467217958888054e-02
1.374999999999998579e+01 7.017325425835510555e-02
1.384999999999998721e+01 7.437421192596166408e-02
1.394999999999998508e+01 8.444855581104235287e-02
1.404999999999998650e+01 9.077834984777041760e-02
1.414999999999998437e+01 1.016468322869731045e-01
1.424999999999998579e+01 1.251673034427451814e-01
1.434999999999998366e+01 1.363266553619599253e-01
1.444999999999998508e+01 1.660129014118046642e-01
1.454999999999998295e+01 2.080346169643687571e-01
1.464999999999998437e+01 2.327800854817087539e-01
1.474999999999998224e+01 2.859941404560721878e-01
