1.005000000000000071e+01 6.593247650546232265e-09
1.014999999999999858e+01 2.060438613074822845e-09
1.025000000000000000e+01 2.559353778174458610e-08
1.034999999999999787e+01 2.419930276421848057e-08
1.044999999999999929e+01 5.281269359566561273e-08
1.054999999999999716e+01 8.578265467507203414e-08
1.064999999999999858e+01 2.883795380297252023e-07
1.074999999999999645e+01 7.504311235020383082e-07
1.084999999999999787e+01 2.032954590972139373e-06
1.094999999999999574e+01 6.566709971153275711e-06
1.104999999999999716e+01 2.025131316730296885e-05
1.114999999999999503e+01 5.508339178758274440e-05
1.124999999999999645e+01 1.374740633681795785e-04
1.134999999999999432e+01 3.101386307976297923e-04
1.144999999999999574e+01 6.258269553340975368e-04
1.154999999999999361e+01 1.115234885636676079e-03
1.164999999999999503e+01 1.837090720391989758e-03
1.174999999999999289e+01 2.801901640267432693e-03
1.184999999999999432e+01 4.115032285479340926e-03
1.194999999999999218e+01 5.840558793281457051e-03
1.204999999999999361e+01 7.864446858595365575e-03
1.214999999999999147e+01 1.018868139368190977e-02
1.224999999999999289e+01 1.247409087694403146e-02
1.234999999999999076e+01 1.437191415834054679e-02
1.244999999999999218e+01 1.608575626678216547e-02
1.254999999999999005e+01 1.785304389462687505e-02
1.264999999999999147e+01 1.932520073862576543e-02
1.274999999999998934e+01 2.095250505089993678e-02
1.284999999999999076e+01 2.252010021008532537e-02
1.294999999999998863e+01 2.415186088918512206e-02
1.304999999999999005e+01 2.534919170733045818e-02
1.314999999999998792e+01 2.648915271222731377e-02
1.324999999999998934e+01 2.764736566144707780e-02
1.334999999999998721e+01 2.872208560195725277e-02
1.344999999999998863e+01 3.006544909625263884e-02
1.354999999999998650e+01 3.115698353090708833e-02
1.364999999999998792e+01 3.192421276095789434e-02
1.374999999999998579e+01 3.412561374132747072e-02
1.384999999999998721e+01 3.585528884232708213e-02
1.394999999999998508e+01 4.023506378902821923e-02
1.404999999999998650e+01 4.454628144597718581e-02
1.414999999999998437e+01 4.727820836316853903e-02
1.424999999999998579e+01 5.766481731871536676e-02
1.434999999999998366e+01 6.627635476800591841e-02
1.444999999999998508e+01 7.400359029376860076e-02
1.454999999999998295e+01 9.009326091576301543e-02
1.464999999999998437e+01 1.103721878010291563e-01
1.474999999999998224e+01 1.462226261357165158e-01
1.484999999999998366e+01 1.500734343335639875e-01
1.494999999999998153e+01 2.598363458967962725e-01
