7.049999999999999822e+00 0.000000000000000000e+00 0.000000000000000000e+00
7.149999999999999467e+00 0.000000000000000000e+00 0.000000000000000000e+00
7.249999999999999112e+00 0.000000000000000000e+00 0.000000000000000000e+00
7.349999999999998757e+00 0.000000000000000000e+00 0.000000000000000000e+00
7.449999999999998401e+00 0.000000000000000000e+00 0.000000000000000000e+00
7.549999999999998046e+00 0.000000000000000000e+00 0.000000000000000000e+00
7.649999999999997691e+00 7.017582480053107404e-07 4.051603133919062431e-07
7.749999999999997335e+00 2.276085985068494038e-06 8.793236874635777927e-07
7.849999999999996980e+00 9.182326771603653245e-06 2.526814397027146262e-06
7.949999999999996625e+00 1.801070777373864356e-05 2.406637939997150529e-06
8.049999999999997158e+00 2.625047309140753166e-05 2.689675771124522465e-06
8.149999999999995026e+00 3.870604243227511953e-05 3.405748273653611646e-06
8.249999999999996447e+00 6.113438677360468127e-05 4.437630793302886995e-06
8.349999999999994316e+00 7.940870775998899896e-05 6.166933797167705617e-06
8.449999999999995737e+00 9.880163951859552841e-05 4.977863215208244204e-06
8.549999999999993605e+00 1.273077576683809221e-04 5.917403493881016915e-06
8.649999999999995026e+00 1.635695626572246505e-04 6.826625377170338368e-06
8.749999999999992895e+00 2.317733406303495070e-04 1.148746225860729786e-05
8.849999999999994316e+00 2.852466138692029331e-04 8.937515237860824003e-06
8.949999999999992184e+00 3.812780199731536420e-04 1.085156687224857929e-05
9.049999999999993605e+00 4.890395082006678863e-04 1.375283381312409245e-05
9.149999999999991473e+00 6.261996284137764457e-04 1.479485394995943859e-05
9.249999999999992895e+00 7.752131783340129954e-04 1.549855055117250506e-05
9.349999999999990763e+00 8.920600266250300553e-04 1.735736640596700250e-05
9.449999999999992184e+00 9.814006301251310040e-04 2.023121582622392075e-05
9.549999999999990052e+00 1.017745895727114030e-03 3.559292131067845114e-05
9.649999999999991473e+00 9.890626268568970900e-04 3.619465896320312907e-05
9.749999999999989342e+00 8.278524905593724354e-04 2.290805354141522320e-05
9.849999999999990763e+00 7.021241191989582549e-04 1.794296267388495250e-05
9.949999999999988631e+00 4.974548510224732333e-04 1.361792802970270660e-05
1.004999999999999005e+01 3.185064181321443900e-04 1.127630745245668233e-05
1.014999999999998792e+01 1.587960015442672120e-04 7.821832861141749161e-06
1.024999999999998934e+01 8.307842107440973505e-05 4.768932954311548979e-06
1.034999999999998721e+01 4.297554399464514831e-05 3.870747662668227201e-06
1.044999999999998863e+01 2.302638020517977467e-05 2.488043213178857457e-06
1.054999999999998650e+01 1.100702233475657718e-05 1.788740833344904106e-06
1.064999999999998792e+01 6.261798628155936669e-06 1.294100780922423007e-06
1.074999999999998579e+01 2.812602501925965876e-06 8.119459160812218005e-07
1.084999999999998721e+01 1.637435912012391481e-06 6.188926015701470522e-07
1.094999999999998508e+01 9.664565345331816838e-07 4.839628729967316636e-07
1.104999999999998650e+01 4.678388320035404760e-07 3.308120106120974747e-07
1.114999999999998437e+01 0.000000000000000000e+00 0.000000000000000000e+00
1.124999999999998579e+01 0.000000000000000000e+00 0.000000000000000000e+00
1.134999999999998366e+01 0.000000000000000000e+00 0.000000000000000000e+00
1.144999999999998508e+01 3.918909696645518932e-07 3.918909696651519631e-07
1.154999999999998295e+01 0.000000000000000000e+00 0.000000000000000000e+00
1.164999999999998437e+01 0.000000000000000000e+00 0.000000000000000000e+00
1.174999999999998224e+01 0.000000000000000000e+00 0.000000000000000000e+00
1.184999999999998366e+01 0.000000000000000000e+00 0.000000000000000000e+00
1.194999999999998153e+01 0.000000000000000000e+00 0.000000000000000000e+00
1.204999999999998295e+01 0.000000000000000000e+00 0.000000000000000000e+00
1.214999999999998082e+01 0.000000000000000000e+00 0.000000000000000000e+00
1.224999999999998224e+01 0.000000000000000000e+00 0.000000000000000000e+00
1.234999999999998010e+01 0.000000000000000000e+00 0.000000000000000000e+00
1.244999999999998153e+01 0.000000000000000000e+00 0.000000000000000000e+00
1.254999999999997939e+01 0.000000000000000000e+00 0.000000000000000000e+00
1.264999999999998082e+01 0.000000000000000000e+00 0.000000000000000000e+00
1.274999999999997868e+01 0.000000000000000000e+00 0.000000000000000000e+00
1.284999999999998010e+01 0.000000000000000000e+00 0.000000000000000000e+00
1.294999999999997797e+01 0.000000000000000000e+00 0.000000000000000000e+00
