1.005000000000000071e+01 3.439669709565852327e-31
1.014999999999999858e+01 8.304337967779607743e-26
1.025000000000000000e+01 4.497223709106976585e-21
1.034999999999999787e+01 5.537777284243451650e-17
1.044999999999999929e+01 1.591986057871600309e-13
1.054999999999999716e+01 1.123744586953204331e-10
1.064999999999999858e+01 1.719035734659157019e-08
1.074999999999999645e+01 1.163794476868114384e-06
1.084999999999999787e+01 2.631130827725407202e-05
1.094999999999999574e+01 2.422294041310663136e-04
1.104999999999999716e+01 1.153381856270900953e-03
1.114999999999999503e+01 3.610075630565384112e-03
1.124999999999999645e+01 9.121962642009623368e-03
1.134999999999999432e+01 2.181723505469532545e-02
1.144999999999999574e+01 4.778055435278763530e-02
1.154999999999999361e+01 8.690703577454597650e-02
1.164999999999999503e+01 1.217351304841201437e-01
1.174999999999999289e+01 1.260220993710678417e-01
1.184999999999999432e+01 9.618413828049422742e-02
1.194999999999999218e+01 5.671750445443522054e-02
1.204999999999999361e+01 2.876608766435805389e-02
1.214999999999999147e+01 1.427328501065955324e-02
1.224999999999999289e+01 7.583358246862656298e-03
1.234999999999999076e+01 4.458696739543449757e-03
1.244999999999999218e+01 2.886568022105074661e-03
1.254999999999999005e+01 2.018195987131898763e-03
1.264999999999999147e+01 1.495703419502000114e-03
1.274999999999998934e+01 1.160030999483407325e-03
1.284999999999999076e+01 9.350901669947619520e-04
1.294999999999998863e+01 7.835812135592035155e-04
1.304999999999999005e+01 6.845362021590813790e-04
1.314999999999998792e+01 6.298667668225563839e-04
1.324999999999998934e+01 6.087353223660880389e-04
1.334999999999998721e+01 6.172032680180590059e-04
1.344999999999998863e+01 6.504889187746708832e-04
1.354999999999998650e+01 7.032444732576836974e-04
1.364999999999998792e+01 7.695107107734733319e-04
1.374999999999998579e+01 8.425608719087779351e-04
1.384999999999998721e+01 9.147997119193898618e-04
1.394999999999998508e+01 9.785246067679314024e-04
1.404999999999998650e+01 1.026604828589636545e-03
1.414999999999998437e+01 1.053000179776735282e-03
1.424999999999998579e+01 1.054072726306556646e-03
1.434999999999998366e+01 1.028082989514390606e-03
1.444999999999998508e+01 9.759165912517332947e-04
1.454999999999998295e+01 9.015031741606974788e-04
1.464999999999998437e+01 8.098300032434682010e-04
1.474999999999998224e+01 7.071814996190625702e-04
1.484999999999998366e+01 6.001951946375233115e-04
1.494999999999998153e+01 4.949855915487005181e-04
