1.165006770731401298e-01 6.981889319252722714e+01
1.549474780968614351e-01 5.200448231911949648e+01
2.060822440843366743e-01 4.963787720843980367e+01
2.740921752872102490e-01 4.723670544634536128e+01
3.645463047409858159e-01 4.385368040182137150e+01
4.848515217957365397e-01 4.170685688856674744e+01
6.448590895871766371e-01 3.639184515184187774e+01
8.576713214863194157e-01 3.171134367790332220e+01
1.140714471701101296e+00 2.688887516971767155e+01
1.517165694305051771e+00 2.327879759976326568e+01
2.017850918068533339e+00 1.970863371679942944e+01
2.683769045684297083e+00 1.688863185338781392e+01
3.569449172918817581e+00 1.456752304564460587e+01
4.747415735545228443e+00 1.197407553726096019e+01
6.314127215228745982e+00 1.008557459354208596e+01
8.397874698773046376e+00 7.941681935575014784e+00
1.116928706887600242e+01 6.406334152022601813e+00
1.485530305009045371e+01 4.852042191923212400e+00
1.975775421915398411e+01 3.520062390339278036e+00
2.627808066036861590e+01 2.435746569032915421e+00
