1.005000000000000071e+01 0.000000000000000000e+00
1.014999999999999858e+01 0.000000000000000000e+00
1.025000000000000000e+01 0.000000000000000000e+00
1.034999999999999787e+01 0.000000000000000000e+00
1.044999999999999929e+01 0.000000000000000000e+00
1.054999999999999716e+01 0.000000000000000000e+00
1.064999999999999858e+01 0.000000000000000000e+00
1.074999999999999645e+01 5.075724737356623114e-08
1.084999999999999787e+01 1.798092224150176768e-06
1.094999999999999574e+01 3.230548184115642813e-05
1.104999999999999716e+01 2.562572852514386499e-04
1.114999999999999503e+01 1.130249438331701068e-03
1.124999999999999645e+01 3.466399386959563567e-03
1.134999999999999432e+01 8.369762792758533507e-03
1.144999999999999574e+01 1.703440022761183378e-02
1.154999999999999361e+01 3.120112151942248599e-02
1.164999999999999503e+01 4.935500585440695531e-02
1.174999999999999289e+01 6.354408486593818295e-02
1.184999999999999432e+01 6.464609857557040984e-02
1.194999999999999218e+01 5.367862008756729697e-02
1.204999999999999361e+01 3.914544056692070839e-02
1.214999999999999147e+01 2.755245941618687106e-02
1.224999999999999289e+01 1.919072185778364359e-02
1.234999999999999076e+01 1.427267403809720850e-02
1.244999999999999218e+01 1.082519768520563697e-02
1.254999999999999005e+01 8.819235723486475512e-03
1.264999999999999147e+01 7.467046135410425681e-03
1.274999999999998934e+01 6.064949829469625832e-03
1.284999999999999076e+01 5.439440891408978997e-03
1.294999999999998863e+01 5.138030131498737274e-03
1.304999999999999005e+01 4.447598769813106145e-03
1.314999999999998792e+01 3.554119547657512337e-03
1.324999999999998934e+01 3.595145408747423606e-03
1.334999999999998721e+01 3.281916639317361377e-03
1.344999999999998863e+01 3.669298653042266621e-03
1.354999999999998650e+01 2.586206896551723668e-03
1.364999999999998792e+01 3.361344537815125818e-03
1.374999999999998579e+01 3.620689655172414003e-03
1.384999999999998721e+01 3.562340966921119338e-03
1.394999999999998508e+01 6.635071090047394218e-03
1.404999999999998650e+01 3.200000000000000153e-03
1.414999999999998437e+01 9.615384615384615918e-03
1.424999999999998579e+01 1.351351351351351426e-02
1.434999999999998366e+01 1.818181818181818094e-02
1.444999999999998508e+01 0.000000000000000000e+00
1.454999999999998295e+01 nan
1.464999999999998437e+01 0.000000000000000000e+00
1.474999999999998224e+01 nan
1.484999999999998366e+01 nan
1.494999999999998153e+01 nan
