1.165006770731401298e-01 5.482748779698820130e+01
1.549474780968614351e-01 5.253971158890625759e+01
2.060822440843366743e-01 4.553793763807028938e+01
2.740921752872102490e-01 4.315402944077359848e+01
3.645463047409858159e-01 3.810974010574011572e+01
4.848515217957365397e-01 3.388008136799168568e+01
6.448590895871766371e-01 3.076709956520244305e+01
8.576713214863194157e-01 2.644238981146563816e+01
1.140714471701101296e+00 2.314946711750058839e+01
1.517165694305051771e+00 1.986035660042966100e+01
2.017850918068533339e+00 1.696784107403273367e+01
2.683769045684297083e+00 1.463204279975958322e+01
3.569449172918817581e+00 1.254253523744385390e+01
4.747415735545228443e+00 1.060975173850141751e+01
6.314127215228745982e+00 8.882652075029179528e+00
8.397874698773046376e+00 7.203763640335507645e+00
1.116928706887600242e+01 5.654887995784734223e+00
1.485530305009045371e+01 4.345620112036864491e+00
1.975775421915398411e+01 3.249548483483561512e+00
2.627808066036861590e+01 2.338777780870960665e+00
