1.165006770731401298e-01 3.136917039561347451e+02 3.822513391402954426e+02
1.549474780968614351e-01 1.581472632012993813e+02 2.299367455453126183e+02
2.060822440843366743e-01 3.089764691859214167e+02 2.521925863259432106e+02
2.740921752872102490e-01 6.572038286771771709e+01 9.888768336103083811e+01
3.645463047409858159e-01 3.292661273570437857e+02 1.207675278613193228e+02
4.848515217957365397e-01 1.273133050571207008e+02 7.250846053881828368e+01
6.448590895871766371e-01 5.066174438938143965e+01 4.280344237986977163e+01
8.576713214863194157e-01 8.418332122792355676e+01 3.655754116097399731e+01
1.140714471701101296e+00 9.269424745018996248e+01 3.182883835380921767e+01
1.517165694305051771e+00 4.920639933913069086e+01 1.798789909517528685e+01
2.017850918068533339e+00 3.034219600405841888e+01 1.399848484092033374e+01
2.683769045684297083e+00 4.251166901223567862e+01 1.182274134599050086e+01
3.569449172918817581e+00 2.764802750062675685e+01 7.436963361963778496e+00
4.747415735545228443e+00 2.433925283081516255e+01 7.266539974712634908e+00
6.314127215228745982e+00 1.946757526412372030e+01 5.590323036914512045e+00
8.397874698773046376e+00 1.383730245508878198e+01 4.130555722843802791e+00
1.116928706887600242e+01 1.208798214569032403e+01 3.116919851057229351e+00
1.485530305009045371e+01 1.061311518784169117e+01 2.959588424244091520e+00
1.975775421915398411e+01 9.928116505965974170e+00 3.152495449354336010e+00
2.627808066036861590e+01 6.742181282054668934e+00 1.884144878330931583e+00
