1.165006770731401298e-01 2.410203088917067475e+02 4.306368682250339219e+01
1.549474780968614351e-01 9.336409389190633590e+01 3.034804631318950641e+01
2.060822440843366743e-01 1.166093816268643053e+02 2.716089471759065432e+01
2.740921752872102490e-01 5.915483466575444993e+01 2.263294496158458102e+01
3.645463047409858159e-01 6.170806346729027325e+01 9.184883591306473249e+00
4.848515217957365397e-01 4.892399558413494276e+01 7.560573807801580948e+00
6.448590895871766371e-01 4.091573660484368702e+01 5.751364862162727576e+00
8.576713214863194157e-01 4.978177457738245693e+01 1.876671977246855860e+01
1.140714471701101296e+00 2.022423228828872510e+01 3.591471658368884157e+00
1.517165694305051771e+00 2.943893791086208367e+01 3.711303730258285416e+00
2.017850918068533339e+00 1.962826455484010424e+01 2.616090558943953148e+00
2.683769045684297083e+00 1.858626538399812489e+01 2.059877724704263446e+00
3.569449172918817581e+00 1.276167988625792837e+01 1.933687780638611020e+00
4.747415735545228443e+00 1.434453917310759863e+01 1.398601841183440220e+00
6.314127215228745982e+00 1.101207152780081344e+01 1.342729117121834959e+00
8.397874698773046376e+00 8.339530411746929772e+00 1.045904454487497581e+00
1.116928706887600242e+01 6.708587950324295335e+00 6.916149746756610206e-01
1.485530305009045371e+01 4.922094269002029954e+00 8.493453608339990302e-01
1.975775421915398411e+01 4.317762944730900720e+00 5.809413422431976004e-01
2.627808066036861590e+01 2.804885419449074657e+00 5.391607164323709567e-01
