1.165006770731401298e-01 8.525245352932421383e+02
1.549474780968614351e-01 7.348935632966539515e+02
2.060822440843366743e-01 5.793105364894574905e+02
2.740921752872102490e-01 4.479024909285645890e+02
3.645463047409858159e-01 3.126813355050007317e+02
4.848515217957365397e-01 2.198228206825089615e+02
6.448590895871766371e-01 1.534079983601045285e+02
8.576713214863194157e-01 1.052108604824532421e+02
1.140714471701101296e+00 7.885866755875062495e+01
1.517165694305051771e+00 6.406736060087061446e+01
2.017850918068533339e+00 5.311574752823254641e+01
2.683769045684297083e+00 4.433848693471273350e+01
3.569449172918817581e+00 3.698595205594511981e+01
4.747415735545228443e+00 3.057858075526917219e+01
6.314127215228745982e+00 2.433854590155486974e+01
8.397874698773046376e+00 1.959557018765154268e+01
1.116928706887600242e+01 1.528874617519510970e+01
1.485530305009045371e+01 1.154662196829682941e+01
1.975775421915398411e+01 8.231364475600603470e+00
2.627808066036861590e+01 5.602564579131383837e+00
