1.165006770731401298e-01 6.309148623187811609e+02
1.549474780968614351e-01 4.863869306250691693e+02
2.060822440843366743e-01 3.811233245466692665e+02
2.740921752872102490e-01 2.788284457079396361e+02
3.645463047409858159e-01 1.978705113228621997e+02
4.848515217957365397e-01 1.410663176299527493e+02
6.448590895871766371e-01 1.019673178405885636e+02
8.576713214863194157e-01 7.750311407321365209e+01
1.140714471701101296e+00 6.203609515437309341e+01
1.517165694305051771e+00 5.185078619322466409e+01
2.017850918068533339e+00 4.338391994843732391e+01
2.683769045684297083e+00 3.656848971236107815e+01
3.569449172918817581e+00 3.030567354160395510e+01
4.747415735545228443e+00 2.513941291129330935e+01
6.314127215228745982e+00 2.044725310605955571e+01
8.397874698773046376e+00 1.639748002282745887e+01
1.116928706887600242e+01 1.285825129671505707e+01
1.485530305009045371e+01 9.640281709883451455e+00
1.975775421915398411e+01 6.887300495450309867e+00
2.627808066036861590e+01 4.741451585294578663e+00
