1.165006770731401298e-01 5.727912161463068514e+02 3.668548521213047025e+02
1.549474780968614351e-01 2.080366987125571541e+02 1.273958805957445435e+02
2.060822440843366743e-01 1.013244617943578163e+02 7.904308873504919575e+01
2.740921752872102490e-01 1.359844341018608134e+02 6.566966717125723108e+01
3.645463047409858159e-01 1.354776541691663567e+02 6.821689780592129182e+01
4.848515217957365397e-01 8.887778423405389105e+01 3.760572738876214771e+01
6.448590895871766371e-01 5.030897689180292787e+01 3.126849871952314430e+01
8.576713214863194157e-01 6.272745325388699911e+01 1.843009738582622958e+01
1.140714471701101296e+00 5.452588250723866281e+01 1.483587801817896512e+01
1.517165694305051771e+00 7.544090546287873167e+01 1.436178282907585491e+01
2.017850918068533339e+00 5.227814197293621845e+01 1.040089959134684072e+01
2.683769045684297083e+00 4.059321083307386857e+01 7.332785580801395753e+00
3.569449172918817581e+00 3.662760133578662192e+01 5.778854033287334602e+00
4.747415735545228443e+00 2.820345696578398176e+01 4.211821296448130525e+00
6.314127215228745982e+00 3.128516847516151245e+01 4.238925223739908432e+00
8.397874698773046376e+00 2.152070305337115386e+01 4.035304390909236538e+00
1.116928706887600242e+01 2.148532810472765675e+01 5.292286910790108045e+00
1.485530305009045371e+01 1.394392294673458288e+01 2.297133458800712624e+00
1.975775421915398411e+01 9.707643658845539036e+00 2.051204229209056429e+00
2.627808066036861590e+01 4.994813623041106432e+00 1.670724461565937791e+00
