1.165006770731401298e-01 1.148901223114342883e+03
1.549474780968614351e-01 9.459494779408648810e+02
2.060822440843366743e-01 7.095952899890581875e+02
2.740921752872102490e-01 5.367736724323583530e+02
3.645463047409858159e-01 3.658091605249823033e+02
4.848515217957365397e-01 2.436657243385089373e+02
6.448590895871766371e-01 1.684502062464361813e+02
8.576713214863194157e-01 1.370281327983199731e+02
1.140714471701101296e+00 1.115004231674884920e+02
1.517165694305051771e+00 9.713445768881460651e+01
2.017850918068533339e+00 7.994943190958333901e+01
2.683769045684297083e+00 6.458164550522552361e+01
3.569449172918817581e+00 5.359598837478996813e+01
4.747415735545228443e+00 4.268088185313561667e+01
6.314127215228745982e+00 3.464000926736859043e+01
8.397874698773046376e+00 2.711873700838692258e+01
1.116928706887600242e+01 2.103481189653880534e+01
1.485530305009045371e+01 1.559538634236828614e+01
1.975775421915398411e+01 1.075439914598654845e+01
2.627808066036861590e+01 7.199630095203481517e+00
