1.165006770731401298e-01 8.079029010487204232e+02
1.549474780968614351e-01 6.553308649241505464e+02
2.060822440843366743e-01 5.211132903739780886e+02
2.740921752872102490e-01 4.028340914680778724e+02
3.645463047409858159e-01 3.009559883396441364e+02
4.848515217957365397e-01 2.096665690739660022e+02
6.448590895871766371e-01 1.415826398261711461e+02
8.576713214863194157e-01 9.762779541582405329e+01
1.140714471701101296e+00 7.369188105615276640e+01
1.517165694305051771e+00 6.052267590350817272e+01
2.017850918068533339e+00 4.887198265104275663e+01
2.683769045684297083e+00 4.120979419765070872e+01
3.569449172918817581e+00 3.470935587884981288e+01
4.747415735545228443e+00 2.853338154605654609e+01
6.314127215228745982e+00 2.318005207600557327e+01
8.397874698773046376e+00 1.859306648130941397e+01
1.116928706887600242e+01 1.442526438449566228e+01
1.485530305009045371e+01 1.086926083436934398e+01
1.975775421915398411e+01 7.886337701834898795e+00
2.627808066036861590e+01 5.376887332910220252e+00
