1.165006770731401298e-01 9.708779014730149584e+02
1.549474780968614351e-01 8.536480989656065503e+02
2.060822440843366743e-01 7.535783318975725251e+02
2.740921752872102490e-01 5.758102853129731784e+02
3.645463047409858159e-01 4.200887829080231199e+02
4.848515217957365397e-01 3.138356762711024430e+02
6.448590895871766371e-01 2.098068710215245005e+02
8.576713214863194157e-01 1.398172793410657846e+02
1.140714471701101296e+00 9.400362906225088011e+01
1.517165694305051771e+00 7.046186421650004661e+01
2.017850918068533339e+00 5.477689084730305069e+01
2.683769045684297083e+00 4.729874601160201308e+01
3.569449172918817581e+00 3.921781761199135019e+01
4.747415735545228443e+00 3.261963514832801536e+01
6.314127215228745982e+00 2.657446594823380082e+01
8.397874698773046376e+00 2.168621834193789866e+01
1.116928706887600242e+01 1.672960832460946889e+01
1.485530305009045371e+01 1.271193950828859087e+01
1.975775421915398411e+01 9.029984275362846091e+00
2.627808066036861590e+01 6.211604123390150889e+00
