1.165006770731401298e-01 1.206337800046319870e+02
1.549474780968614351e-01 1.080158590293063270e+02
2.060822440843366743e-01 9.437099063137949884e+01
2.740921752872102490e-01 8.438545122295633405e+01
3.645463047409858159e-01 7.395388677111236575e+01
4.848515217957365397e-01 6.115329712433904064e+01
6.448590895871766371e-01 5.064960840863659541e+01
8.576713214863194157e-01 4.277303325780117405e+01
1.140714471701101296e+00 3.586416845321762992e+01
1.517165694305051771e+00 2.971201520455229073e+01
2.017850918068533339e+00 2.554111180544130733e+01
2.683769045684297083e+00 2.150019824555374370e+01
3.569449172918817581e+00 1.821469101741362095e+01
4.747415735545228443e+00 1.522295586417865287e+01
6.314127215228745982e+00 1.253782810689081018e+01
8.397874698773046376e+00 1.011296391390458993e+01
1.116928706887600242e+01 7.937538041308004999e+00
1.485530305009045371e+01 6.067886111714227759e+00
1.975775421915398411e+01 4.431119981769742644e+00
2.627808066036861590e+01 3.131484532781104946e+00
