1.165006770731401298e-01 3.080892252302073757e+02 1.292238306072778471e+02
1.549474780968614351e-01 1.969097316654222993e+02 7.926864655517215397e+01
2.060822440843366743e-01 1.585130574677995412e+02 6.769768216005982708e+01
2.740921752872102490e-01 7.195898866895785773e+01 3.343410384395961188e+01
3.645463047409858159e-01 8.709021942176381970e+01 2.891931617213901973e+01
4.848515217957365397e-01 7.491955836997195206e+01 2.001830103887791523e+01
6.448590895871766371e-01 5.144682336784746468e+01 1.499076522666094924e+01
8.576713214863194157e-01 5.080602406352316081e+01 1.667982166870508465e+01
1.140714471701101296e+00 4.144931883346878010e+01 8.321294724387172437e+00
1.517165694305051771e+00 4.657809839540671248e+01 8.084776832964193360e+00
2.017850918068533339e+00 3.802570342588897034e+01 5.585839487060897390e+00
2.683769045684297083e+00 4.065000251426713618e+01 6.364863851514791726e+00
3.569449172918817581e+00 3.062582140263643993e+01 3.779097662301003080e+00
4.747415735545228443e+00 2.363486004430879817e+01 2.351639457650943843e+00
6.314127215228745982e+00 1.867988502506953097e+01 2.484780220588833188e+00
8.397874698773046376e+00 1.443970171371501188e+01 1.924807964397645010e+00
1.116928706887600242e+01 9.551017366549364951e+00 1.433146366764864288e+00
1.485530305009045371e+01 1.011864124361213157e+01 1.238617393079070261e+00
1.975775421915398411e+01 7.194979196128955756e+00 1.309762780479008404e+00
2.627808066036861590e+01 4.010179325204723533e+00 1.013739686240193505e+00
