1.165006770731401298e-01 1.257791946329078428e+03
1.549474780968614351e-01 1.047312242836797395e+03
2.060822440843366743e-01 8.961299756612490910e+02
2.740921752872102490e-01 7.095685358026642007e+02
3.645463047409858159e-01 4.967145311060324957e+02
4.848515217957365397e-01 3.654092201380026950e+02
6.448590895871766371e-01 2.392476889384153367e+02
8.576713214863194157e-01 1.521978409530450449e+02
1.140714471701101296e+00 1.098123723048728380e+02
1.517165694305051771e+00 8.053265847304832903e+01
2.017850918068533339e+00 6.595751167652832692e+01
2.683769045684297083e+00 5.372189788254197396e+01
3.569449172918817581e+00 4.641829394630942573e+01
4.747415735545228443e+00 3.736146963894809403e+01
6.314127215228745982e+00 2.995064464368394397e+01
8.397874698773046376e+00 2.459359087304682845e+01
1.116928706887600242e+01 1.876912621198520270e+01
1.485530305009045371e+01 1.431796212054341844e+01
1.975775421915398411e+01 9.881137380017953831e+00
2.627808066036861590e+01 6.885232486297492294e+00
