1.165006770731401298e-01 2.553270003913154596e+03
1.549474780968614351e-01 1.924441487281346781e+03
2.060822440843366743e-01 1.383740896511716073e+03
2.740921752872102490e-01 9.601662240708465106e+02
3.645463047409858159e-01 6.966331941307477109e+02
4.848515217957365397e-01 4.751713300297190585e+02
6.448590895871766371e-01 2.971527394074829544e+02
8.576713214863194157e-01 2.042573968472732133e+02
1.140714471701101296e+00 1.779489030646104197e+02
1.517165694305051771e+00 1.535953637422164206e+02
2.017850918068533339e+00 1.240884749763082766e+02
2.683769045684297083e+00 1.046574511739030413e+02
3.569449172918817581e+00 8.123254814520053912e+01
4.747415735545228443e+00 6.542634764897528044e+01
6.314127215228745982e+00 5.010309461350523463e+01
8.397874698773046376e+00 4.004323477710485690e+01
1.116928706887600242e+01 2.907035591791115436e+01
1.485530305009045371e+01 2.256670632669385057e+01
1.975775421915398411e+01 1.551328174355369072e+01
2.627808066036861590e+01 1.057318854814711884e+01
