1.165006770731401298e-01 6.789255600114479421e+02
1.549474780968614351e-01 5.800450403887779203e+02
2.060822440843366743e-01 4.754236787139150806e+02
2.740921752872102490e-01 3.569247997168972688e+02
3.645463047409858159e-01 2.669581634967986474e+02
4.848515217957365397e-01 1.904145190323451402e+02
6.448590895871766371e-01 1.307812396031566493e+02
8.576713214863194157e-01 9.148052489796938858e+01
1.140714471701101296e+00 6.837920590398962872e+01
1.517165694305051771e+00 5.492080514748845133e+01
2.017850918068533339e+00 4.534666446323781486e+01
2.683769045684297083e+00 3.768077122850238680e+01
3.569449172918817581e+00 3.209474923660254575e+01
4.747415735545228443e+00 2.630932634373689893e+01
6.314127215228745982e+00 2.145117871427582301e+01
8.397874698773046376e+00 1.731023115143486635e+01
1.116928706887600242e+01 1.342167811266004307e+01
1.485530305009045371e+01 1.023576028754538392e+01
1.975775421915398411e+01 7.323722993182592234e+00
2.627808066036861590e+01 5.065918322306150579e+00
