1.165006770731401298e-01 1.642877895556511021e+02 1.667252756827162727e+02
1.549474780968614351e-01 3.926043960844448861e+02 2.205843025569435554e+02
2.060822440843366743e-01 1.545364722805587121e+02 9.295214649869052437e+01
2.740921752872102490e-01 1.032296866825302288e+02 6.473116406150107593e+01
3.645463047409858159e-01 9.831218511476299682e+01 5.302831664136499512e+01
4.848515217957365397e-01 9.393713224991417121e+01 6.529606684052171772e+01
6.448590895871766371e-01 1.098458642640752601e+02 4.756238772689091121e+01
8.576713214863194157e-01 7.450770485720535419e+01 2.925632502742641705e+01
1.140714471701101296e+00 5.420277618851109480e+01 2.125115602839611029e+01
1.517165694305051771e+00 3.607241238702626873e+01 1.140450938729928509e+01
2.017850918068533339e+00 4.225558157955204308e+01 9.785198105009918379e+00
2.683769045684297083e+00 5.228679175655581446e+01 9.362215380075838311e+00
3.569449172918817581e+00 3.101193623781990993e+01 5.369856212625753855e+00
4.747415735545228443e+00 2.969015692456457955e+01 4.738902918715584001e+00
6.314127215228745982e+00 2.631350621995617090e+01 3.921903900589067682e+00
8.397874698773046376e+00 1.933354487570303348e+01 2.990834042693433670e+00
1.116928706887600242e+01 1.766103028244105033e+01 2.902431192458882592e+00
1.485530305009045371e+01 1.319037900349561454e+01 2.060894768138908706e+00
1.975775421915398411e+01 8.685004867520142113e+00 1.627759751277015443e+00
2.627808066036861590e+01 6.623921264562691036e+00 1.534935320571022777e+00
