7.450000000000000178e+00 8.422438888888919561e-02
7.549999999999999822e+00 7.880018981481509699e-02
7.649999999999999467e+00 7.371052314814839634e-02
7.749999999999999112e+00 6.890557407407432722e-02
7.849999999999998757e+00 6.435185185185207657e-02
7.949999999999998401e+00 6.006751388888910415e-02
8.049999999999997158e+00 5.604064814814833234e-02
8.149999999999998579e+00 5.224002314814833736e-02
8.249999999999996447e+00 4.864985185185202732e-02
8.349999999999997868e+00 4.534909259259275321e-02
8.449999999999995737e+00 4.228565740740755641e-02
8.549999999999997158e+00 3.934178703703717500e-02
8.649999999999995026e+00 3.664460185185198365e-02
8.749999999999996447e+00 3.410814351851863824e-02
8.849999999999994316e+00 3.178864351851863612e-02
8.949999999999995737e+00 2.962328240740751475e-02
9.049999999999993605e+00 2.764327314814824660e-02
9.149999999999995026e+00 2.582018981481490338e-02
9.249999999999992895e+00 2.414208796296304915e-02
9.349999999999994316e+00 2.264103240740748466e-02
9.449999999999992184e+00 2.122255555555562639e-02
9.549999999999993605e+00 2.000122685185192276e-02
9.649999999999991473e+00 1.890351851851858681e-02
9.749999999999992895e+00 1.795699537037043561e-02
9.849999999999990763e+00 1.716511111111116913e-02
9.949999999999992184e+00 1.648876388888894512e-02
1.004999999999999005e+01 1.598878240740745846e-02
1.014999999999999147e+01 1.559468981481486848e-02
1.024999999999998934e+01 1.528972222222227742e-02
1.034999999999999076e+01 1.487291666666671827e-02
1.044999999999998863e+01 1.414262500000005099e-02
1.054999999999999005e+01 1.285293055555560005e-02
1.064999999999998792e+01 1.092775925925929849e-02
1.074999999999998934e+01 8.575111111111140966e-03
1.084999999999998721e+01 6.169495370370392875e-03
1.094999999999998863e+01 4.065412037037051396e-03
1.104999999999998650e+01 2.469523148148156880e-03
1.114999999999998792e+01 1.396518518518523495e-03
1.124999999999998579e+01 7.422962962962988392e-04
1.134999999999998721e+01 3.700416666666679318e-04
1.144999999999998508e+01 1.751111111111117234e-04
1.154999999999998650e+01 7.572685185185210489e-05
1.164999999999998437e+01 3.087962962962973823e-05
1.174999999999998579e+01 1.102314814814818770e-05
1.184999999999998366e+01 3.671296296296309505e-06
1.194999999999998508e+01 1.166666666666670814e-06
1.204999999999998295e+01 2.361111111111120033e-07
