1.165006770731401298e-01 1.668100742991338450e+02 4.602821696372202354e+01
1.549474780968614351e-01 2.189330478245526592e+02 4.824936851761957257e+01
2.060822440843366743e-01 6.560211872043288395e+01 2.377495953111393234e+01
2.740921752872102490e-01 6.859802805888581645e+01 1.770110515960711339e+01
3.645463047409858159e-01 7.258992606406063430e+01 1.311490294311818694e+01
4.848515217957365397e-01 5.209534685652426589e+01 8.826210850417908205e+00
6.448590895871766371e-01 6.187178295035244702e+01 7.922753413461714800e+00
8.576713214863194157e-01 5.480879131261070114e+01 5.886881874485598409e+00
1.140714471701101296e+00 4.040316069158693324e+01 4.353007583497541688e+00
1.517165694305051771e+00 3.828031878044996716e+01 3.284931655455759714e+00
2.017850918068533339e+00 3.384035632902001112e+01 2.725866558780253968e+00
2.683769045684297083e+00 2.852080295050225089e+01 2.392809647224780178e+00
3.569449172918817581e+00 2.521092394743099163e+01 1.658812324708359265e+00
4.747415735545228443e+00 2.134528330772066340e+01 1.270140801650956996e+00
6.314127215228745982e+00 1.762211878393338438e+01 1.257236341475406416e+00
8.397874698773046376e+00 1.445960019935383833e+01 9.058846837709767508e-01
1.116928706887600242e+01 1.095181133900040393e+01 8.935358064489854479e-01
1.485530305009045371e+01 8.512985722108682651e+00 8.492520258569804525e-01
1.975775421915398411e+01 6.403626302345436727e+00 7.452837219224937026e-01
2.627808066036861590e+01 4.089799590478659042e+00 5.824791659805043098e-01
