1.165006770731401298e-01 4.663225656410824058e+02
1.549474780968614351e-01 3.911864452212424794e+02
2.060822440843366743e-01 3.101915354938246878e+02
2.740921752872102490e-01 2.342203664336947782e+02
3.645463047409858159e-01 1.762759526993123131e+02
4.848515217957365397e-01 1.235382437890885683e+02
6.448590895871766371e-01 9.060121356272196635e+01
8.576713214863194157e-01 6.657110340940644733e+01
1.140714471701101296e+00 5.242418222350435997e+01
1.517165694305051771e+00 4.380516423665590509e+01
2.017850918068533339e+00 3.710847149200329653e+01
2.683769045684297083e+00 3.128742292422090188e+01
3.569449172918817581e+00 2.646155213273502937e+01
4.747415735545228443e+00 2.190832933555029882e+01
6.314127215228745982e+00 1.778422260963584023e+01
8.397874698773046376e+00 1.456018715367649818e+01
1.116928706887600242e+01 1.135725411694597753e+01
1.485530305009045371e+01 8.529996760864992922e+00
1.975775421915398411e+01 6.148958813195344320e+00
2.627808066036861590e+01 4.293665346802437277e+00
