1.165006770731401298e-01 7.346270596412829263e+02
1.549474780968614351e-01 5.918604251827289318e+02
2.060822440843366743e-01 4.790143306618368797e+02
2.740921752872102490e-01 3.759462597723959334e+02
3.645463047409858159e-01 2.815488297067782923e+02
4.848515217957365397e-01 1.969636050979133870e+02
6.448590895871766371e-01 1.443260845432378687e+02
8.576713214863194157e-01 9.554137924617367617e+01
1.140714471701101296e+00 7.117744563771668709e+01
1.517165694305051771e+00 5.667354267476144969e+01
2.017850918068533339e+00 4.722463679571808370e+01
2.683769045684297083e+00 3.965027027003507243e+01
3.569449172918817581e+00 3.385306198537789157e+01
4.747415735545228443e+00 2.749696291260152137e+01
6.314127215228745982e+00 2.251033671090738864e+01
8.397874698773046376e+00 1.784998772360908248e+01
1.116928706887600242e+01 1.397062890276668234e+01
1.485530305009045371e+01 1.063786266540497749e+01
1.975775421915398411e+01 7.655894019341255685e+00
2.627808066036861590e+01 5.305088696720105190e+00
