1.165006770731401298e-01 1.107148264715588510e+02 1.349796318495519074e+02
1.549474780968614351e-01 2.105090340257769697e+02 1.046098991662811954e+02
2.060822440843366743e-01 7.435700093328011917e+01 7.261448270149476514e+01
2.740921752872102490e-01 8.434075103107525706e+01 6.467587734421753964e+01
3.645463047409858159e-01 3.195175805537248692e+01 2.907055289203076498e+01
4.848515217957365397e-01 4.240840239946425072e+01 2.652692485247104415e+01
6.448590895871766371e-01 -2.154546795191157216e+01 1.330001691868453761e+01
8.576713214863194157e-01 6.698666359668884240e+01 1.672557269718969053e+01
1.140714471701101296e+00 5.165793672464752717e+01 1.222462671884316698e+01
1.517165694305051771e+00 3.104568475032595742e+01 7.723888390657071668e+00
2.017850918068533339e+00 1.073088850291696694e+01 6.866073532353442310e+00
2.683769045684297083e+00 3.429695313613993335e+01 1.856188618975128435e+01
3.569449172918817581e+00 2.970859324161584780e+01 2.171534005703256653e+01
4.747415735545228443e+00 1.392800413607213628e+01 3.898513601868227152e+00
6.314127215228745982e+00 7.889594111101713381e+00 2.811265434038669131e+00
8.397874698773046376e+00 1.046426535243541878e+01 3.319792644234772716e+00
1.116928706887600242e+01 5.637825724772153713e+00 1.613118608034511237e+00
1.485530305009045371e+01 5.737154996144872676e+00 2.380118943750404004e+00
1.975775421915398411e+01 3.059298718099015435e+00 2.030548582110033085e+00
2.627808066036861590e+01 2.310835758372308035e+00 1.297396468754468346e+00
