1.165006770731401298e-01 5.082751690687508130e+02
1.549474780968614351e-01 4.132505913598706684e+02
2.060822440843366743e-01 3.235759438524146958e+02
2.740921752872102490e-01 2.471768353222858536e+02
3.645463047409858159e-01 1.785484469212692034e+02
4.848515217957365397e-01 1.287574983811844902e+02
6.448590895871766371e-01 9.180966333907875310e+01
8.576713214863194157e-01 6.989337356154941006e+01
1.140714471701101296e+00 5.608419707804845444e+01
1.517165694305051771e+00 4.569300395173264207e+01
2.017850918068533339e+00 3.823082834775389927e+01
2.683769045684297083e+00 3.268636382978812094e+01
3.569449172918817581e+00 2.717589723290799952e+01
4.747415735545228443e+00 2.255050278716914747e+01
6.314127215228745982e+00 1.861053096147376351e+01
8.397874698773046376e+00 1.499364897367395955e+01
1.116928706887600242e+01 1.170282395039101075e+01
1.485530305009045371e+01 8.894591633099071970e+00
1.975775421915398411e+01 6.386483208454584393e+00
2.627808066036861590e+01 4.449038078332662849e+00
