1.165006770731401298e-01 9.857186796827210173e+02 7.305111753343171586e+02
1.549474780968614351e-01 -8.813462117142344709e+01 9.877286904361428199e+00
2.060822440843366743e-01 5.037964317759867754e+02 3.406179848693942063e+02
2.740921752872102490e-01 3.542656186029661285e+02 2.687166148408456934e+02
3.645463047409858159e-01 -2.629316887908110800e+01 5.556722863782172794e+01
4.848515217957365397e-01 8.134164765090530125e+01 6.886486689656393878e+01
6.448590895871766371e-01 -2.193317903748455677e+01 3.162420535084612894e+01
8.576713214863194157e-01 8.783453770624147694e+01 4.383173741134924484e+01
1.140714471701101296e+00 1.880116279366435492e+02 1.566236235081978805e+02
1.517165694305051771e+00 3.725823376325260483e+01 2.107078988523686647e+01
2.017850918068533339e+00 7.053737548074541053e+01 2.659927957218074113e+01
2.683769045684297083e+00 2.677126473838385223e+01 1.273111602822558197e+01
3.569449172918817581e+00 4.007448669580832501e+01 1.055462712149674509e+01
4.747415735545228443e+00 3.525990009736041486e+01 9.027013836064803343e+00
6.314127215228745982e+00 3.733614288249312096e+01 8.289285013426679782e+00
8.397874698773046376e+00 2.523471182518609623e+01 7.603415877085719643e+00
1.116928706887600242e+01 2.032648982692107964e+01 5.295035441132476706e+00
1.485530305009045371e+01 1.480054524710586072e+01 4.662033225761644140e+00
1.975775421915398411e+01 1.203685878854148328e+01 4.195144459354682276e+00
2.627808066036861590e+01 2.285914031901565835e+00 2.905363472756332222e+00
