1.165006770731401298e-01 1.496254391776746843e+03 2.221938652411722330e+02
1.549474780968614351e-01 1.232992636283119282e+03 1.658320400775071448e+02
2.060822440843366743e-01 7.628136546301101362e+02 1.013802267385796370e+02
2.740921752872102490e-01 5.468424183246414714e+02 7.179425359002058826e+01
3.645463047409858159e-01 4.417369490271273662e+02 5.557326313696713527e+01
4.848515217957365397e-01 2.324211282415784012e+02 2.666099137867867341e+01
6.448590895871766371e-01 2.841297747272431593e+02 5.161909487991042766e+01
8.576713214863194157e-01 1.283649158167972359e+02 1.564937128379604836e+01
1.140714471701101296e+00 1.226438155311173404e+02 1.153230371851883973e+01
1.517165694305051771e+00 8.854636274652830252e+01 6.837738894151732971e+00
2.017850918068533339e+00 8.481260581713310387e+01 5.566526484849148915e+00
2.683769045684297083e+00 7.128681527350565261e+01 4.327072843310239669e+00
3.569449172918817581e+00 5.637578569989124588e+01 3.211507575498080858e+00
4.747415735545228443e+00 4.804925888081948671e+01 2.755651425067344285e+00
6.314127215228745982e+00 3.748763767181328888e+01 2.362913605915547333e+00
8.397874698773046376e+00 2.440510552580598258e+01 2.016508792894374125e+00
1.116928706887600242e+01 2.014849870158322176e+01 1.746844606209644768e+00
1.485530305009045371e+01 1.440478177542623150e+01 1.570662478688058306e+00
1.975775421915398411e+01 1.037830249793003468e+01 1.469879045474874024e+00
2.627808066036861590e+01 6.856576083887749640e+00 1.145247891509109994e+00
