1.165006770731401298e-01 2.542715008899460258e+02 1.669242531050422542e+02
1.549474780968614351e-01 4.648445246302182454e+01 9.709609659036790674e+01
2.060822440843366743e-01 2.368532903447791682e+02 1.227985633992702077e+02
2.740921752872102490e-01 9.192569061204696368e+01 4.886790362090450657e+01
3.645463047409858159e-01 3.925314661690968876e+01 3.468219122931972720e+01
4.848515217957365397e-01 8.378508438788763613e+01 2.970679856720281364e+01
6.448590895871766371e-01 4.332533199081404973e+02 3.483886554246630567e+02
8.576713214863194157e-01 8.512606105771958198e+01 2.284674631774916520e+01
1.140714471701101296e+00 4.347615185841064545e+01 1.158324016220564623e+01
1.517165694305051771e+00 4.183205452151024417e+01 9.050270787934140415e+00
2.017850918068533339e+00 4.348815205886644719e+01 8.962128269921043611e+00
2.683769045684297083e+00 2.633134752550082780e+01 5.090632375321189507e+00
3.569449172918817581e+00 8.768675418223891427e+01 5.641374724112533556e+01
4.747415735545228443e+00 2.059365745463162511e+01 2.803548648008436839e+00
6.314127215228745982e+00 1.987548725424384699e+01 2.753086538844093045e+00
8.397874698773046376e+00 1.555890188270027430e+01 2.378866067891172165e+00
1.116928706887600242e+01 1.314472658888078982e+01 1.862402534159966816e+00
1.485530305009045371e+01 9.852338486423290576e+00 1.664177088591372478e+00
1.975775421915398411e+01 7.172076193700570812e+00 1.609762430607933226e+00
2.627808066036861590e+01 5.248777209602436322e+00 1.089708552872180158e+00
