1.165006770731401298e-01 5.266433624177039974e+02
1.549474780968614351e-01 4.508085950852487258e+02
2.060822440843366743e-01 3.538320807572044941e+02
2.740921752872102490e-01 2.605823980996801197e+02
3.645463047409858159e-01 1.900632915939931422e+02
4.848515217957365397e-01 1.343098320568357735e+02
6.448590895871766371e-01 9.596833527185786750e+01
8.576713214863194157e-01 7.181637506938693605e+01
1.140714471701101296e+00 5.761540179281005436e+01
1.517165694305051771e+00 4.790757315277194550e+01
2.017850918068533339e+00 3.999280260739945447e+01
2.683769045684297083e+00 3.396648058977679341e+01
3.569449172918817581e+00 2.852091378895170948e+01
4.747415735545228443e+00 2.362073026940625198e+01
6.314127215228745982e+00 1.936138263718006769e+01
8.397874698773046376e+00 1.547063493900638775e+01
1.116928706887600242e+01 1.216769685169319715e+01
1.485530305009045371e+01 9.176866923540096366e+00
1.975775421915398411e+01 6.572161229049020115e+00
2.627808066036861590e+01 4.517199335099617130e+00
