1.165006770731401298e-01 3.577469909112647315e+02 1.082977026193838981e+02
1.549474780968614351e-01 1.684429950771724123e+02 5.401735757940983262e+01
2.060822440843366743e-01 2.207220202012962886e+02 5.292660323773131381e+01
2.740921752872102490e-01 2.178794470149651943e+02 6.270429591733470431e+01
3.645463047409858159e-01 9.152871190298009196e+01 2.488300235445703379e+01
4.848515217957365397e-01 6.895888167062913965e+01 1.437555680599187191e+01
6.448590895871766371e-01 8.838664285530583697e+01 3.416696959288851332e+01
8.576713214863194157e-01 5.901849149759619451e+01 9.001965666064494442e+00
1.140714471701101296e+00 6.277481737978895637e+01 1.286500889241792223e+01
1.517165694305051771e+00 4.988073286494716996e+01 5.509720143478646470e+00
2.017850918068533339e+00 4.324800232156968605e+01 4.624950538231914265e+00
2.683769045684297083e+00 3.745622640746702814e+01 3.218921313370030735e+00
3.569449172918817581e+00 3.531598768850313519e+01 2.845021662761880510e+00
4.747415735545228443e+00 2.715614604043225810e+01 2.848051006561897580e+00
6.314127215228745982e+00 2.495248375534263729e+01 3.083322052416637593e+00
8.397874698773046376e+00 1.765736753963885874e+01 1.750225810189410591e+00
1.116928706887600242e+01 1.452860495558238263e+01 1.513633893206882242e+00
1.485530305009045371e+01 1.164534744657125742e+01 1.351974494407053307e+00
1.975775421915398411e+01 9.119301233692379327e+00 1.264338627208438925e+00
2.627808066036861590e+01 6.101832898288759743e+00 1.110155776516421611e+00
