1.165006770731401298e-01 7.914602359117810011e+03 8.012034538814753432e+03
1.549474780968614351e-01 4.740821065653139158e+03 4.811233540589226322e+03
2.060822440843366743e-01 -1.147188521022119971e+02 1.509494583574167770e+01
2.740921752872102490e-01 1.325430169667967903e+03 1.418859305134202941e+03
3.645463047409858159e-01 7.822138456344192718e+02 8.622297397041711520e+02
4.848515217957365397e-01 1.257617912851643950e+03 7.729749550943049599e+02
6.448590895871766371e-01 4.973283099699301033e+02 4.098337192815773165e+02
8.576713214863194157e-01 3.461564492088647853e+02 2.474677314402782144e+02
1.140714471701101296e+00 -8.147707541395007524e+01 3.242455810832743701e+00
1.517165694305051771e+00 2.694939124735486757e+02 1.259325226278020011e+02
2.017850918068533339e+00 3.221152689673056102e+02 1.158102990687356026e+02
2.683769045684297083e+00 1.270488406762783740e+02 6.605991430301624234e+01
3.569449172918817581e+00 2.180862898560535541e+02 7.801391271628914126e+01
4.747415735545228443e+00 1.262977397530458603e+02 4.189052423339084896e+01
6.314127215228745982e+00 1.183777408794574200e+02 3.915505465792433171e+01
8.397874698773046376e+00 3.654512443279080713e+01 1.754965734543650413e+01
1.116928706887600242e+01 3.112395515600740836e+01 1.378013236197817548e+01
1.485530305009045371e+01 3.057616777620803816e+01 1.388422078422612493e+01
1.975775421915398411e+01 2.538611942073855232e+01 1.064880851035727716e+01
2.627808066036861590e+01 1.205435736679826242e+01 7.500784176313436191e+00
