1.165006770731401298e-01 2.421033079297145605e+02 6.019775391577026369e+01
1.549474780968614351e-01 2.421669459834122335e+02 5.770700259228281226e+01
2.060822440843366743e-01 1.373598022981961719e+02 2.661023018557801123e+01
2.740921752872102490e-01 1.070324946193506861e+02 1.744364677025579979e+01
3.645463047409858159e-01 4.639068632815301640e+01 1.044974220731863390e+01
4.848515217957365397e-01 7.686592848545934942e+01 1.260378200703110707e+01
6.448590895871766371e-01 6.428283430905408125e+01 9.564457736785756836e+00
8.576713214863194157e-01 5.821088312268800991e+01 1.083015601716073739e+01
1.140714471701101296e+00 5.667708384188936321e+01 6.568124943575075925e+00
1.517165694305051771e+00 4.511921484095179835e+01 3.868385962360394892e+00
2.017850918068533339e+00 3.588011540109888386e+01 2.898489309979221051e+00
2.683769045684297083e+00 2.923660244358110916e+01 2.362223662109680156e+00
3.569449172918817581e+00 2.756236570572299271e+01 1.842053829696024714e+00
4.747415735545228443e+00 2.364980965342486741e+01 1.383527105084406017e+00
6.314127215228745982e+00 1.841796051505874843e+01 1.474958592890828868e+00
8.397874698773046376e+00 1.585393923798101490e+01 1.021907568764043539e+00
1.116928706887600242e+01 1.117881945270081978e+01 9.731037958588151238e-01
1.485530305009045371e+01 8.147977174951630985e+00 8.311621695308396562e-01
1.975775421915398411e+01 6.575007572597994177e+00 8.718431576051356435e-01
2.627808066036861590e+01 4.427204913408763431e+00 7.394819979140075938e-01
