1.165006770731401298e-01 8.663055729341338917e+01
1.549474780968614351e-01 7.766424991466996630e+01
2.060822440843366743e-01 7.588368568758187394e+01
2.740921752872102490e-01 6.452973120007986552e+01
3.645463047409858159e-01 5.642944941219766264e+01
4.848515217957365397e-01 4.789585503539007050e+01
6.448590895871766371e-01 3.993547155049206765e+01
8.576713214863194157e-01 3.430245338193349625e+01
1.140714471701101296e+00 2.881617876487992547e+01
1.517165694305051771e+00 2.362634225958580103e+01
2.017850918068533339e+00 2.033135321994691935e+01
2.683769045684297083e+00 1.725370417821431346e+01
3.569449172918817581e+00 1.465677511429993807e+01
4.747415735545228443e+00 1.236280393259303167e+01
6.314127215228745982e+00 1.034727500965488467e+01
8.397874698773046376e+00 8.374994752203665627e+00
1.116928706887600242e+01 6.681136284808585124e+00
1.485530305009045371e+01 5.139074180345282628e+00
1.975775421915398411e+01 3.804732207830530566e+00
2.627808066036861590e+01 2.700204197129409067e+00
