1.165006770731401298e-01 9.826839870100927783e+02
1.549474780968614351e-01 9.131473797886607144e+02
2.060822440843366743e-01 7.336313526218248171e+02
2.740921752872102490e-01 5.879950285092376134e+02
3.645463047409858159e-01 4.234289199538478101e+02
4.848515217957365397e-01 3.115494467638795868e+02
6.448590895871766371e-01 2.146497683525830666e+02
8.576713214863194157e-01 1.398934420033644983e+02
1.140714471701101296e+00 9.653250399430355344e+01
1.517165694305051771e+00 7.328042095851540694e+01
2.017850918068533339e+00 5.957935642295634437e+01
2.683769045684297083e+00 4.941539583861131035e+01
3.569449172918817581e+00 4.090830627280587350e+01
4.747415735545228443e+00 3.337560585367135957e+01
6.314127215228745982e+00 2.760989151212583437e+01
8.397874698773046376e+00 2.237697739814405651e+01
1.116928706887600242e+01 1.743238326540746996e+01
1.485530305009045371e+01 1.302646451378345560e+01
1.975775421915398411e+01 9.519947278120257650e+00
2.627808066036861590e+01 6.407465437345652326e+00
