1.165006770731401298e-01 1.359511422084913477e+02 8.160162466186083918e+01
1.549474780968614351e-01 2.701540191877685402e+02 6.624553394776908988e+01
2.060822440843366743e-01 2.080236984488278438e+02 5.112143284056644887e+01
2.740921752872102490e-01 9.066490725001126805e+01 2.910486625147353124e+01
3.645463047409858159e-01 1.252299086184905690e+02 2.493689752985639885e+01
4.848515217957365397e-01 8.499474399845148298e+01 1.953839492872194228e+01
6.448590895871766371e-01 3.913810156462593426e+01 1.138246970981772144e+01
8.576713214863194157e-01 6.915740968595345350e+01 1.115336966861238999e+01
1.140714471701101296e+00 4.313679878951975155e+01 5.844201408803242792e+00
1.517165694305051771e+00 4.337724941252488975e+01 4.327226004206909948e+00
2.017850918068533339e+00 4.678744065828890797e+01 7.274152896495182929e+00
2.683769045684297083e+00 3.379906130596921088e+01 4.081603504317587117e+00
3.569449172918817581e+00 3.628871078066907074e+01 2.757080694401265131e+00
4.747415735545228443e+00 2.583740605916282362e+01 2.214573053851558004e+00
6.314127215228745982e+00 2.325757739937074930e+01 2.268254754331448186e+00
8.397874698773046376e+00 1.950615561904941941e+01 1.633444979734457458e+00
1.116928706887600242e+01 1.587519385752825229e+01 1.267288819572145231e+00
1.485530305009045371e+01 1.068033762470755477e+01 1.004264295327427448e+00
1.975775421915398411e+01 8.596105220778348155e+00 1.086871999030138980e+00
2.627808066036861590e+01 5.873519273702106247e+00 8.494237671138262780e-01
