1.165006770731401298e-01 4.522932596510455369e+03 1.355067794735557300e+03
1.549474780968614351e-01 2.222435581055889998e+03 5.802837695462239935e+02
2.060822440843366743e-01 1.133253920463838540e+03 4.034495398222568383e+02
2.740921752872102490e-01 1.084439336744960656e+03 2.848896322030809074e+02
3.645463047409858159e-01 8.574112174859922106e+02 1.872013673295151932e+02
4.848515217957365397e-01 5.635618347864186717e+02 1.152598135238176269e+02
6.448590895871766371e-01 3.974668326674345735e+02 8.071170696356226415e+01
8.576713214863194157e-01 1.742772597380863999e+02 4.608178546785300966e+01
1.140714471701101296e+00 1.466794273824013999e+02 3.861636997372934843e+01
1.517165694305051771e+00 1.524497851343254524e+02 2.917733932387773876e+01
2.017850918068533339e+00 1.309213490288221067e+02 2.022997884912437172e+01
2.683769045684297083e+00 1.241636704012594947e+02 1.551776940103005487e+01
3.569449172918817581e+00 9.311588242615329136e+01 1.108801666899042893e+01
4.747415735545228443e+00 6.889490593953080122e+01 8.542349514504589791e+00
6.314127215228745982e+00 5.992362784236031104e+01 7.551683426160733070e+00
8.397874698773046376e+00 4.532715478558816358e+01 5.025854743199329455e+00
1.116928706887600242e+01 3.242001469315586348e+01 4.789423165207125521e+00
1.485530305009045371e+01 2.649058836557596663e+01 3.597987311113842068e+00
1.975775421915398411e+01 1.503817419967524494e+01 3.097950735578798298e+00
2.627808066036861590e+01 1.345002052649329549e+01 2.795919254507177598e+00
