1.165006770731401298e-01 1.082188026729669161e+02 4.236533682883517571e+01
1.549474780968614351e-01 1.896720552348054980e+02 6.514707808287626278e+01
2.060822440843366743e-01 4.248868771003262168e+01 2.140281192651327657e+01
2.740921752872102490e-01 7.279307249767012422e+01 1.601740495193288183e+01
3.645463047409858159e-01 5.944579130892913099e+01 1.263970364983938488e+01
4.848515217957365397e-01 4.762011744587954354e+01 9.138961721159864382e+00
6.448590895871766371e-01 3.337554962843373829e+01 8.482132490731064678e+00
8.576713214863194157e-01 3.646430178354941631e+01 6.085803059747857624e+00
1.140714471701101296e+00 2.386692338518813017e+01 4.990605887163938270e+00
1.517165694305051771e+00 2.416043043671834667e+01 3.213984456608448781e+00
2.017850918068533339e+00 1.664060914588176843e+01 2.059640418290329844e+00
2.683769045684297083e+00 1.779086986201220100e+01 1.989418691378682880e+00
3.569449172918817581e+00 1.552219389093142965e+01 1.656048467198988572e+00
4.747415735545228443e+00 1.246103357227926800e+01 1.272826102107644353e+00
6.314127215228745982e+00 1.100527314234727783e+01 1.085068711295249733e+00
8.397874698773046376e+00 8.826781220992225840e+00 8.997648711860398718e-01
1.116928706887600242e+01 6.643526760366429862e+00 6.947596390445609504e-01
1.485530305009045371e+01 5.702700499063994677e+00 6.255832858156764598e-01
1.975775421915398411e+01 4.811638512793096289e+00 5.192156290617784276e-01
2.627808066036861590e+01 3.376776861232273941e+00 5.292782404349981595e-01
