1.165006770731401298e-01 5.090545788914257628e+02 3.611589360773498356e+02
1.549474780968614351e-01 1.255329287135381833e+02 1.277139616908177260e+02
2.060822440843366743e-01 1.852392192091408418e+01 6.428078851616163547e+01
2.740921752872102490e-01 -2.598558539637973297e+01 3.370329213249183198e+01
3.645463047409858159e-01 1.707360604439744236e+02 1.093149148546881548e+02
4.848515217957365397e-01 7.808831330361152823e+01 4.493065395010229679e+01
6.448590895871766371e-01 6.872354582819998825e+01 2.842917265581633401e+01
8.576713214863194157e-01 6.037759527539427751e+01 2.560883615939193803e+01
1.140714471701101296e+00 4.160997690030665552e+01 1.531031644277839376e+01
1.517165694305051771e+00 4.315564031143434676e+01 1.668271688158475285e+01
2.017850918068533339e+00 1.446863027045075079e+01 9.087717366484286075e+00
2.683769045684297083e+00 1.658650570145632130e+01 8.803955920111171451e+00
3.569449172918817581e+00 1.893572941941100751e+01 8.585595675733046050e+00
4.747415735545228443e+00 1.366038717872309860e+01 5.608893381106331510e+00
6.314127215228745982e+00 1.192214897479181701e+01 4.441958090600331310e+00
8.397874698773046376e+00 5.650622501018855104e+00 3.875598843819009431e+00
1.116928706887600242e+01 8.310739322438911003e+00 3.180177418701214620e+00
1.485530305009045371e+01 5.292892450399844684e+00 3.337289712385306029e+00
1.975775421915398411e+01 3.551490693355989769e+00 1.579045554679958663e+00
2.627808066036861590e+01 2.246215616482883703e+00 1.696198435684018291e+00
