1.165006770731401298e-01 9.314251600339902382e+01
1.549474780968614351e-01 8.604394773210162839e+01
2.060822440843366743e-01 8.164404040024695064e+01
2.740921752872102490e-01 7.232237914321737549e+01
3.645463047409858159e-01 6.428628077527058338e+01
4.848515217957365397e-01 5.365713669108323813e+01
6.448590895871766371e-01 4.559869854601488015e+01
8.576713214863194157e-01 3.733315798839207389e+01
1.140714471701101296e+00 3.047932442706382972e+01
1.517165694305051771e+00 2.589715971441820486e+01
2.017850918068533339e+00 2.197985400351560159e+01
2.683769045684297083e+00 1.878685517044370812e+01
3.569449172918817581e+00 1.586447419887449506e+01
4.747415735545228443e+00 1.346460426562565793e+01
6.314127215228745982e+00 1.102513844068403515e+01
8.397874698773046376e+00 8.993678411962443775e+00
1.116928706887600242e+01 7.140010664952050945e+00
1.485530305009045371e+01 5.437934578360452242e+00
1.975775421915398411e+01 4.000155288923545882e+00
2.627808066036861590e+01 2.826431729459021547e+00
