1.165006770731401298e-01 1.007741987163233148e+03
1.549474780968614351e-01 9.255390293977803822e+02
2.060822440843366743e-01 7.670817374060453631e+02
2.740921752872102490e-01 6.150549431311161470e+02
3.645463047409858159e-01 4.464667673239511032e+02
4.848515217957365397e-01 3.445433494930115330e+02
6.448590895871766371e-01 2.246051406477682519e+02
8.576713214863194157e-01 1.520501557293194139e+02
1.140714471701101296e+00 1.018540448775956122e+02
1.517165694305051771e+00 7.423060795747906582e+01
2.017850918068533339e+00 6.063277932944051685e+01
2.683769045684297083e+00 5.198385126749134599e+01
3.569449172918817581e+00 4.333742014600469616e+01
4.747415735545228443e+00 3.545243745831233184e+01
6.314127215228745982e+00 2.799049819030187081e+01
8.397874698773046376e+00 2.298659844929554907e+01
1.116928706887600242e+01 1.785801110461773078e+01
1.485530305009045371e+01 1.356287482057512328e+01
1.975775421915398411e+01 9.476332446761514205e+00
2.627808066036861590e+01 6.510179040951536322e+00
