1.165006770731401298e-01 7.688903228956128544e+01
1.549474780968614351e-01 6.855839434253014986e+01
2.060822440843366743e-01 6.823244525293983997e+01
2.740921752872102490e-01 6.024586615844536652e+01
3.645463047409858159e-01 5.058884463922412067e+01
4.848515217957365397e-01 4.366372568866017900e+01
6.448590895871766371e-01 3.708285422023580225e+01
8.576713214863194157e-01 3.070634442368433525e+01
1.140714471701101296e+00 2.587001294527291861e+01
1.517165694305051771e+00 2.205730952570501913e+01
2.017850918068533339e+00 1.849984570925447613e+01
2.683769045684297083e+00 1.588089248612519100e+01
3.569449172918817581e+00 1.362728473534246731e+01
4.747415735545228443e+00 1.140419649665372148e+01
6.314127215228745982e+00 9.572950928039198004e+00
8.397874698773046376e+00 7.812490964955385309e+00
1.116928706887600242e+01 6.211873008713789446e+00
1.485530305009045371e+01 4.752133959159312582e+00
1.975775421915398411e+01 3.524490825448481246e+00
2.627808066036861590e+01 2.510527727975941925e+00
