1.165006770731401298e-01 2.642682159971266742e+02 1.000919037689760245e+02
1.549474780968614351e-01 1.110346784440046264e+02 5.288780879848481220e+01
2.060822440843366743e-01 1.388135273660188886e+02 4.423783433340278037e+01
2.740921752872102490e-01 1.038626470009363203e+02 3.385187765938626825e+01
3.645463047409858159e-01 6.320329075072026370e+01 2.235845314346399704e+01
4.848515217957365397e-01 6.430824649487244926e+01 1.869027462944893969e+01
6.448590895871766371e-01 6.189231645127652115e+01 1.300884156274441850e+01
8.576713214863194157e-01 3.927840341263712531e+01 9.462376082680570732e+00
1.140714471701101296e+00 4.252671409982274042e+01 7.068168951450712001e+00
1.517165694305051771e+00 3.980835406924152409e+01 6.166783182711024658e+00
2.017850918068533339e+00 3.701435772469187668e+01 6.170769737024077273e+00
2.683769045684297083e+00 3.292726903509712599e+01 4.720735641289869555e+00
3.569449172918817581e+00 2.364756807313168707e+01 2.840653231210293672e+00
4.747415735545228443e+00 1.987738905188798455e+01 2.495162433393030899e+00
6.314127215228745982e+00 1.520640489148272501e+01 1.960459593839714465e+00
8.397874698773046376e+00 1.074801489605296112e+01 1.579368709170227092e+00
1.116928706887600242e+01 9.595307335317865949e+00 1.466317705213827205e+00
1.485530305009045371e+01 7.037040677677493861e+00 1.041500149741955372e+00
1.975775421915398411e+01 5.010683046292915499e+00 1.008974910530906266e+00
2.627808066036861590e+01 3.581709061002836147e+00 7.792208374863440756e-01
