1.165006770731401298e-01 3.607225472064012592e+02 2.131160618553898871e+02
1.549474780968614351e-01 5.026067542610933288e+02 2.824225498454296712e+02
2.060822440843366743e-01 1.461065142375111066e+02 8.861068834770009062e+01
2.740921752872102490e-01 1.478304154892372253e+02 7.163008940521889656e+01
3.645463047409858159e-01 6.839034423355985837e+01 4.390093511036674556e+01
4.848515217957365397e-01 9.294295258749285438e+01 4.438401238282717998e+01
6.448590895871766371e-01 9.034882392202169399e+01 4.277460565904136303e+01
8.576713214863194157e-01 4.014018931641962240e+01 1.880133622267754134e+01
1.140714471701101296e+00 5.446358632842525083e+01 1.581366815360941658e+01
1.517165694305051771e+00 4.910373940645411750e+01 1.301894269114154667e+01
2.017850918068533339e+00 3.868441395453736931e+01 8.941859943833168956e+00
2.683769045684297083e+00 3.947549152372041448e+01 7.177736913143601960e+00
3.569449172918817581e+00 4.208830849252808548e+01 8.460617942891154541e+00
4.747415735545228443e+00 2.811892255730458245e+01 9.254782577218266582e+00
6.314127215228745982e+00 2.296087611898231984e+01 3.924332738629801920e+00
8.397874698773046376e+00 1.675408108383966521e+01 2.776633740892964664e+00
1.116928706887600242e+01 1.696773431283076405e+01 2.080314256733035272e+00
1.485530305009045371e+01 1.358115187400501966e+01 2.036231511561547691e+00
1.975775421915398411e+01 8.279203006370231321e+00 1.537524689652374210e+00
2.627808066036861590e+01 4.807573276336092327e+00 1.259814538691003794e+00
