1.165006770731401298e-01 6.994297067475285075e+03
1.549474780968614351e-01 5.631671541468193027e+03
2.060822440843366743e-01 2.814855557581146968e+03
2.740921752872102490e-01 1.817580935886460793e+03
3.645463047409858159e-01 1.437289244491697445e+03
4.848515217957365397e-01 7.368107429684827139e+02
6.448590895871766371e-01 6.134539865034952300e+02
8.576713214863194157e-01 3.806045059279429097e+02
1.140714471701101296e+00 2.856901941484090344e+02
1.517165694305051771e+00 2.759956995119412682e+02
2.017850918068533339e+00 1.554255218478474490e+02
2.683769045684297083e+00 1.789424360774512479e+02
3.569449172918817581e+00 1.241718764713344143e+02
4.747415735545228443e+00 1.044098778970444101e+02
6.314127215228745982e+00 8.150044208254644218e+01
8.397874698773046376e+00 6.674586851982361679e+01
1.116928706887600242e+01 4.478431612648813598e+01
1.485530305009045371e+01 3.564307344127730914e+01
1.975775421915398411e+01 2.230702659067658544e+01
2.627808066036861590e+01 1.615584069894801544e+01
