1.165006770731401298e-01 2.256802857395907154e+02
1.549474780968614351e-01 1.754454444914932196e+02
2.060822440843366743e-01 1.625022906654507437e+02
2.740921752872102490e-01 1.305026880704744485e+02
3.645463047409858159e-01 9.799543423541916809e+01
4.848515217957365397e-01 7.920395152290771534e+01
6.448590895871766371e-01 6.835500238870618261e+01
8.576713214863194157e-01 6.240980470767412669e+01
1.140714471701101296e+00 5.813476803612257982e+01
1.517165694305051771e+00 4.952648091800209329e+01
2.017850918068533339e+00 4.234616731885314778e+01
2.683769045684297083e+00 3.631425650853335441e+01
3.569449172918817581e+00 3.045898405775706763e+01
4.747415735545228443e+00 2.507684831779510404e+01
6.314127215228745982e+00 2.064685382985224749e+01
8.397874698773046376e+00 1.670233250340713838e+01
1.116928706887600242e+01 1.287597770919981066e+01
1.485530305009045371e+01 9.857258074121585167e+00
1.975775421915398411e+01 7.152083503573514633e+00
2.627808066036861590e+01 4.773026803571630339e+00
