1.165006770731401298e-01 1.658596331205883985e+02
1.549474780968614351e-01 1.405096771944517400e+02
2.060822440843366743e-01 1.170017423311298046e+02
2.740921752872102490e-01 9.608659854496886510e+01
3.645463047409858159e-01 7.461344228941123902e+01
4.848515217957365397e-01 6.646799691944445954e+01
6.448590895871766371e-01 5.981801133993231900e+01
8.576713214863194157e-01 5.248632137974466616e+01
1.140714471701101296e+00 4.643125990076580933e+01
1.517165694305051771e+00 4.083160635090929702e+01
2.017850918068533339e+00 3.468647153125935745e+01
2.683769045684297083e+00 2.922375178514118943e+01
3.569449172918817581e+00 2.484690522135167257e+01
4.747415735545228443e+00 2.080608290908706337e+01
6.314127215228745982e+00 1.721571983175426368e+01
8.397874698773046376e+00 1.397039656901609384e+01
1.116928706887600242e+01 1.096574420031456221e+01
1.485530305009045371e+01 8.257083065290551360e+00
1.975775421915398411e+01 5.968076937339287014e+00
2.627808066036861590e+01 4.166623056707374317e+00
