1.165006770731401298e-01 1.847496566708647379e+02
1.549474780968614351e-01 1.550246830878266451e+02
2.060822440843366743e-01 1.262341400901670596e+02
2.740921752872102490e-01 9.896888118395473555e+01
3.645463047409858159e-01 7.883928099882101037e+01
4.848515217957365397e-01 6.696188186862895009e+01
6.448590895871766371e-01 6.226957776790430898e+01
8.576713214863194157e-01 5.593493559881524391e+01
1.140714471701101296e+00 5.092346068851281871e+01
1.517165694305051771e+00 4.485834111581664274e+01
2.017850918068533339e+00 3.755135365269218539e+01
2.683769045684297083e+00 3.185698714429100420e+01
3.569449172918817581e+00 2.650735578972095396e+01
4.747415735545228443e+00 2.215115752468970101e+01
6.314127215228745982e+00 1.817789481810276442e+01
8.397874698773046376e+00 1.466429403033466983e+01
1.116928706887600242e+01 1.140580400829950136e+01
1.485530305009045371e+01 8.758921348002033369e+00
1.975775421915398411e+01 6.250650757456250872e+00
2.627808066036861590e+01 4.280343836228734489e+00
