1.165006770731401298e-01 2.785392703923941937e+01
1.549474780968614351e-01 3.287900335129303642e+01
2.060822440843366743e-01 3.525372585039682605e+01
2.740921752872102490e-01 3.556996110440842784e+01
3.645463047409858159e-01 3.492875410780732892e+01
4.848515217957365397e-01 3.492781705218990140e+01
6.448590895871766371e-01 2.938140957972007783e+01
8.576713214863194157e-01 2.543200748181387638e+01
1.140714471701101296e+00 2.295426750801551563e+01
1.517165694305051771e+00 1.933228705033599937e+01
2.017850918068533339e+00 1.678615221462788298e+01
2.683769045684297083e+00 1.430959648820912733e+01
3.569449172918817581e+00 1.241796660104763994e+01
4.747415735545228443e+00 1.041832383907980208e+01
6.314127215228745982e+00 8.745762227187899640e+00
8.397874698773046376e+00 7.120579363742481682e+00
1.116928706887600242e+01 5.693112919457255394e+00
1.485530305009045371e+01 4.368919288018652480e+00
1.975775421915398411e+01 3.203201446477436320e+00
2.627808066036861590e+01 2.319919610232354934e+00
