1.165006770731401298e-01 2.098483737222638013e+02
1.549474780968614351e-01 1.597389175344484897e+02
2.060822440843366743e-01 1.378161114124589517e+02
2.740921752872102490e-01 1.069159878065969735e+02
3.645463047409858159e-01 8.377341475316033836e+01
4.848515217957365397e-01 7.097282527932915741e+01
6.448590895871766371e-01 6.384938237183833110e+01
8.576713214863194157e-01 5.923670966027857787e+01
1.140714471701101296e+00 5.361979325823150333e+01
1.517165694305051771e+00 4.777946660626262343e+01
2.017850918068533339e+00 4.148650613160275213e+01
2.683769045684297083e+00 3.477251453145166948e+01
3.569449172918817581e+00 2.902520668922104363e+01
4.747415735545228443e+00 2.419696833219823162e+01
6.314127215228745982e+00 1.974319764197868921e+01
8.397874698773046376e+00 1.584451714160544711e+01
1.116928706887600242e+01 1.243192727280269061e+01
1.485530305009045371e+01 9.438464028917364246e+00
1.975775421915398411e+01 6.650172648070139303e+00
2.627808066036861590e+01 4.605334020996577848e+00
