7.450000000000000178e+00 6.528908333333356684e-02
7.549999999999999822e+00 6.000287037037058818e-02
7.649999999999999467e+00 5.504884722222241900e-02
7.749999999999999112e+00 5.050610648148166210e-02
7.849999999999998757e+00 4.625480092592608450e-02
7.949999999999998401e+00 4.235223148148163641e-02
8.049999999999997158e+00 3.874601388888902764e-02
8.149999999999998579e+00 3.541691666666679089e-02
8.249999999999996447e+00 3.239230555555567409e-02
8.349999999999997868e+00 2.955943518518528920e-02
8.449999999999995737e+00 2.701761574074083502e-02
8.549999999999997158e+00 2.467531018518527228e-02
8.649999999999995026e+00 2.248688888888896592e-02
8.749999999999996447e+00 2.053144907407414635e-02
8.849999999999994316e+00 1.872976851851858998e-02
8.949999999999995737e+00 1.709006018518524975e-02
9.049999999999993605e+00 1.559484722222227726e-02
9.149999999999995026e+00 1.421281944444449316e-02
9.249999999999992895e+00 1.296586574074078645e-02
9.349999999999994316e+00 1.182715277777781834e-02
9.449999999999992184e+00 1.079166666666670459e-02
9.549999999999993605e+00 9.871305555555589736e-03
9.649999999999991473e+00 9.055560185185218547e-03
9.749999999999992895e+00 8.311337962962992570e-03
9.849999999999990763e+00 7.646388888888916088e-03
9.949999999999992184e+00 7.062967592592617194e-03
1.004999999999999005e+01 6.548087962962986439e-03
1.014999999999999147e+01 6.080416666666687946e-03
1.024999999999998934e+01 5.671416666666685702e-03
1.034999999999999076e+01 5.296967592592611782e-03
1.044999999999998863e+01 4.940837962962981063e-03
1.054999999999999005e+01 4.578717592592608174e-03
1.064999999999998792e+01 4.159421296296311223e-03
1.074999999999998934e+01 3.648217592592605668e-03
1.084999999999998721e+01 3.051865740740751683e-03
1.094999999999998863e+01 2.379810185185193567e-03
1.104999999999998650e+01 1.713643518518524712e-03
1.114999999999998792e+01 1.120324074074078051e-03
1.124999999999998579e+01 6.709444444444468813e-04
1.134999999999998721e+01 3.588703703703716988e-04
1.144999999999998508e+01 1.760370370370376708e-04
1.154999999999998650e+01 7.666203703703732887e-05
1.164999999999998437e+01 3.048148148148158517e-05
1.174999999999998579e+01 1.049537037037040688e-05
1.184999999999998366e+01 3.356481481481493783e-06
1.194999999999998508e+01 1.101851851851855874e-06
1.204999999999998295e+01 1.759259259259265248e-07
