1.165006770731401298e-01 4.928578501771344236e+03
1.549474780968614351e-01 4.260549838642187751e+03
2.060822440843366743e-01 2.791488693243191847e+03
2.740921752872102490e-01 1.611539406164237789e+03
3.645463047409858159e-01 1.591248785146917271e+03
4.848515217957365397e-01 6.348491064900762240e+02
6.448590895871766371e-01 5.077200032725642131e+02
8.576713214863194157e-01 3.335134794427073643e+02
1.140714471701101296e+00 1.950392743979674890e+02
1.517165694305051771e+00 2.572808165859044038e+02
2.017850918068533339e+00 1.349164824832471936e+02
2.683769045684297083e+00 1.399208127689349794e+02
3.569449172918817581e+00 1.052377226805383117e+02
4.747415735545228443e+00 8.009924180389982951e+01
6.314127215228745982e+00 7.052076109588453789e+01
8.397874698773046376e+00 5.541812734841589361e+01
1.116928706887600242e+01 3.720893033236000491e+01
1.485530305009045371e+01 2.992785122883093507e+01
1.975775421915398411e+01 1.951416081940100611e+01
2.627808066036861590e+01 1.371452854460823723e+01
