1.165006770731401298e-01 2.794487781681773342e+01
1.549474780968614351e-01 3.177136118635770146e+01
2.060822440843366743e-01 2.864558200691248402e+01
2.740921752872102490e-01 3.621220384822007787e+01
3.645463047409858159e-01 3.379955911579730810e+01
4.848515217957365397e-01 3.022891527709826320e+01
6.448590895871766371e-01 2.502700627398889210e+01
8.576713214863194157e-01 2.229472750958846206e+01
1.140714471701101296e+00 2.027013129298762451e+01
1.517165694305051771e+00 1.732479416604941846e+01
2.017850918068533339e+00 1.490305191982350586e+01
2.683769045684297083e+00 1.284281680655956492e+01
3.569449172918817581e+00 1.094491394204885992e+01
4.747415735545228443e+00 9.508614330337154641e+00
6.314127215228745982e+00 7.786326165068627958e+00
8.397874698773046376e+00 6.581082129373657885e+00
1.116928706887600242e+01 5.167815941561066495e+00
1.485530305009045371e+01 4.030622025524507102e+00
1.975775421915398411e+01 2.998823457461710973e+00
2.627808066036861590e+01 2.174424121400609256e+00
