1.165006770731401298e-01 2.758609637524479581e+02
1.549474780968614351e-01 1.906770071198486960e+02
2.060822440843366743e-01 1.791334064456245301e+02
2.740921752872102490e-01 1.439402741585881245e+02
3.645463047409858159e-01 1.113163591159103305e+02
4.848515217957365397e-01 9.598649191498934385e+01
6.448590895871766371e-01 8.493718895257593715e+01
8.576713214863194157e-01 7.135676199631254235e+01
1.140714471701101296e+00 5.874718229791070456e+01
1.517165694305051771e+00 4.976129290701864250e+01
2.017850918068533339e+00 4.378863612840300590e+01
2.683769045684297083e+00 3.747959177316330681e+01
3.569449172918817581e+00 3.065376209267023455e+01
4.747415735545228443e+00 2.670760574463398029e+01
6.314127215228745982e+00 2.123153738575751959e+01
8.397874698773046376e+00 1.768672370177332098e+01
1.116928706887600242e+01 1.407084805265232674e+01
1.485530305009045371e+01 1.078463405355438098e+01
1.975775421915398411e+01 7.604106754620508113e+00
2.627808066036861590e+01 5.333767606737273681e+00
