1.165006770731401298e-01 2.737279749283297861e+02
1.549474780968614351e-01 2.290190138784964802e+02
2.060822440843366743e-01 1.756875594629179318e+02
2.740921752872102490e-01 1.409216803553082684e+02
3.645463047409858159e-01 1.094193372014728709e+02
4.848515217957365397e-01 8.844004158363206614e+01
6.448590895871766371e-01 7.611189683651318205e+01
8.576713214863194157e-01 6.452139545913212260e+01
1.140714471701101296e+00 5.873873724600315427e+01
1.517165694305051771e+00 5.422756052635175905e+01
2.017850918068533339e+00 4.720481769680141326e+01
2.683769045684297083e+00 4.009945134120498977e+01
3.569449172918817581e+00 3.295700914307611384e+01
4.747415735545228443e+00 2.746981588261941809e+01
6.314127215228745982e+00 2.243898069737941725e+01
8.397874698773046376e+00 1.795912318922939477e+01
1.116928706887600242e+01 1.405690547293979265e+01
1.485530305009045371e+01 1.072381945995893560e+01
1.975775421915398411e+01 7.551285817188977845e+00
2.627808066036861590e+01 5.256502398349504723e+00
