1.165006770731401298e-01 1.934158871502327202e+02
1.549474780968614351e-01 1.501061755663963311e+02
2.060822440843366743e-01 1.359274021682145701e+02
2.740921752872102490e-01 1.170297901319109144e+02
3.645463047409858159e-01 9.642375318544566198e+01
4.848515217957365397e-01 7.980956411552944019e+01
6.448590895871766371e-01 6.599820689947938490e+01
8.576713214863194157e-01 5.939712265155831261e+01
1.140714471701101296e+00 5.265175706261668154e+01
1.517165694305051771e+00 4.514173032383359896e+01
2.017850918068533339e+00 3.773425505279985970e+01
2.683769045684297083e+00 3.172972932391579803e+01
3.569449172918817581e+00 2.672816801780318841e+01
4.747415735545228443e+00 2.230596768130058649e+01
6.314127215228745982e+00 1.891628255608219078e+01
8.397874698773046376e+00 1.493242868276475122e+01
1.116928706887600242e+01 1.197844041596980347e+01
1.485530305009045371e+01 9.012171105724821274e+00
1.975775421915398411e+01 6.638476405605554298e+00
2.627808066036861590e+01 4.581248097612220072e+00
