1.165006770731401298e-01 2.759927724397499560e+02
1.549474780968614351e-01 2.586231546676682456e+02
2.060822440843366743e-01 2.172982747484833510e+02
2.740921752872102490e-01 1.835790814456561861e+02
3.645463047409858159e-01 1.391109216823328438e+02
4.848515217957365397e-01 1.025799263013017679e+02
6.448590895871766371e-01 8.711945968281014530e+01
8.576713214863194157e-01 7.358914094638963377e+01
1.140714471701101296e+00 6.476721587417755188e+01
1.517165694305051771e+00 5.715448212355605762e+01
2.017850918068533339e+00 5.010862946905074722e+01
2.683769045684297083e+00 4.276676673294387854e+01
3.569449172918817581e+00 3.459227208996981062e+01
4.747415735545228443e+00 2.909612714149132984e+01
6.314127215228745982e+00 2.394212723928637132e+01
8.397874698773046376e+00 1.944522338032231445e+01
1.116928706887600242e+01 1.555324950716748234e+01
1.485530305009045371e+01 1.133103719467992043e+01
1.975775421915398411e+01 8.069685917787415619e+00
2.627808066036861590e+01 5.544119018508859575e+00
