1.165006770731401298e-01 2.579879885930187697e+02
1.549474780968614351e-01 2.395359545492548818e+02
2.060822440843366743e-01 1.720611504885213492e+02
2.740921752872102490e-01 1.263584569323703874e+02
3.645463047409858159e-01 1.218896749796674612e+02
4.848515217957365397e-01 9.340296937234703023e+01
6.448590895871766371e-01 9.117745776394193058e+01
8.576713214863194157e-01 6.858948297414360695e+01
1.140714471701101296e+00 6.413443551412939314e+01
1.517165694305051771e+00 5.266772927227125223e+01
2.017850918068533339e+00 4.840084009676994725e+01
2.683769045684297083e+00 4.007986939922950853e+01
3.569449172918817581e+00 3.388702056259479889e+01
4.747415735545228443e+00 2.805996114593857627e+01
6.314127215228745982e+00 2.248296217956614385e+01
8.397874698773046376e+00 1.858971751885576396e+01
1.116928706887600242e+01 1.435370121142022448e+01
1.485530305009045371e+01 1.076980651015879609e+01
1.975775421915398411e+01 7.599265148990804519e+00
2.627808066036861590e+01 5.473982137061564224e+00
