1.165006770731401298e-01 2.562008791166833362e+03
1.549474780968614351e-01 1.813973160302410179e+03
2.060822440843366743e-01 1.311263870055495545e+03
2.740921752872102490e-01 9.156869152850937326e+02
3.645463047409858159e-01 7.025086819716666469e+02
4.848515217957365397e-01 4.536216870609828220e+02
6.448590895871766371e-01 2.785905288158105009e+02
8.576713214863194157e-01 1.889609409046246356e+02
1.140714471701101296e+00 1.653799075301537300e+02
1.517165694305051771e+00 1.418292616456516839e+02
2.017850918068533339e+00 1.126816016810701058e+02
2.683769045684297083e+00 9.600804286326021497e+01
3.569449172918817581e+00 7.458991326680254019e+01
4.747415735545228443e+00 5.992403968237488243e+01
6.314127215228745982e+00 4.695658936174952203e+01
8.397874698773046376e+00 3.736931622706324418e+01
1.116928706887600242e+01 2.677199721389473552e+01
1.485530305009045371e+01 2.076073202383590299e+01
1.975775421915398411e+01 1.437663806453723758e+01
2.627808066036861590e+01 9.859770947058237311e+00
