1.165006770731401298e-01 4.432829393481861047e+01
1.549474780968614351e-01 3.569425158030772138e+01
2.060822440843366743e-01 3.541925740708965975e+01
2.740921752872102490e-01 3.578526439124603087e+01
3.645463047409858159e-01 3.731697774817025959e+01
4.848515217957365397e-01 3.955121829017089397e+01
6.448590895871766371e-01 3.541539659380926253e+01
8.576713214863194157e-01 3.133905878716479876e+01
1.140714471701101296e+00 2.655076777078487638e+01
1.517165694305051771e+00 2.264767246771646825e+01
2.017850918068533339e+00 1.918710855214303734e+01
2.683769045684297083e+00 1.700510043718137965e+01
3.569449172918817581e+00 1.425183708235141111e+01
4.747415735545228443e+00 1.192756511659773011e+01
6.314127215228745982e+00 9.721322831610729409e+00
8.397874698773046376e+00 7.808025875641580349e+00
1.116928706887600242e+01 6.140537449615585786e+00
1.485530305009045371e+01 4.757272376990393070e+00
1.975775421915398411e+01 3.527834291860334481e+00
2.627808066036861590e+01 2.496537078364811979e+00
