1.165006770731401298e-01 3.037793892105389659e+02
1.549474780968614351e-01 2.445761556294858678e+02
2.060822440843366743e-01 2.457982295426491817e+02
2.740921752872102490e-01 1.841481425576885727e+02
3.645463047409858159e-01 1.293694109300054720e+02
4.848515217957365397e-01 1.083204387813715641e+02
6.448590895871766371e-01 8.814017926354526367e+01
8.576713214863194157e-01 7.182786109768193228e+01
1.140714471701101296e+00 6.854068241291003005e+01
1.517165694305051771e+00 6.176113596372456271e+01
2.017850918068533339e+00 5.411991550987664823e+01
2.683769045684297083e+00 4.518389374650592316e+01
3.569449172918817581e+00 3.863157261112448992e+01
4.747415735545228443e+00 3.199083810019043383e+01
6.314127215228745982e+00 2.654319989761986065e+01
8.397874698773046376e+00 2.108626043140211692e+01
1.116928706887600242e+01 1.636881369809469078e+01
1.485530305009045371e+01 1.246743644363377967e+01
1.975775421915398411e+01 8.710492835083124774e+00
2.627808066036861590e+01 6.010135361382519470e+00
