1.165006770731401298e-01 5.168787925077797496e+01
1.549474780968614351e-01 5.114876650375229872e+01
2.060822440843366743e-01 4.303082407141018706e+01
2.740921752872102490e-01 3.865936395873144704e+01
3.645463047409858159e-01 4.023547009895716542e+01
4.848515217957365397e-01 4.168418764915524832e+01
6.448590895871766371e-01 3.947843015871990247e+01
8.576713214863194157e-01 3.626102826249270095e+01
1.140714471701101296e+00 3.223924771715026338e+01
1.517165694305051771e+00 2.700508197727321047e+01
2.017850918068533339e+00 2.361245921502108303e+01
2.683769045684297083e+00 2.009415527615902164e+01
3.569449172918817581e+00 1.668842417933144517e+01
4.747415735545228443e+00 1.412874544428034085e+01
6.314127215228745982e+00 1.141796127120585069e+01
8.397874698773046376e+00 9.152291157175152847e+00
1.116928706887600242e+01 7.318737972590637852e+00
1.485530305009045371e+01 5.624590706651680705e+00
1.975775421915398411e+01 4.075637045354070231e+00
2.627808066036861590e+01 2.866687079494458779e+00
