1.165006770731401298e-01 1.232586572570782891e+03
1.549474780968614351e-01 1.011357495578775683e+03
2.060822440843366743e-01 7.831971614801047963e+02
2.740921752872102490e-01 5.977988508295779866e+02
3.645463047409858159e-01 4.108733670597655987e+02
4.848515217957365397e-01 2.638352299510016223e+02
6.448590895871766371e-01 1.818184049522844816e+02
8.576713214863194157e-01 1.469738970810663545e+02
1.140714471701101296e+00 1.176381932529822336e+02
1.517165694305051771e+00 1.026415898391609574e+02
2.017850918068533339e+00 8.322422554167411590e+01
2.683769045684297083e+00 6.728307724653173238e+01
3.569449172918817581e+00 5.561904652736262733e+01
4.747415735545228443e+00 4.483073057792123706e+01
6.314127215228745982e+00 3.612231124296837947e+01
8.397874698773046376e+00 2.829626992353147941e+01
1.116928706887600242e+01 2.174938916956925894e+01
1.485530305009045371e+01 1.620545165515076036e+01
1.975775421915398411e+01 1.123862217859606538e+01
2.627808066036861590e+01 7.521737111404054765e+00
