1.165006770731401298e-01 2.003631991866305668e+02
1.549474780968614351e-01 1.731192213722734436e+02
2.060822440843366743e-01 1.557690551936537418e+02
2.740921752872102490e-01 1.334118171986735888e+02
3.645463047409858159e-01 9.799729287525153154e+01
4.848515217957365397e-01 7.795002913230322861e+01
6.448590895871766371e-01 7.009491182908325868e+01
8.576713214863194157e-01 5.976134739488134073e+01
1.140714471701101296e+00 5.336821917565286810e+01
1.517165694305051771e+00 4.694612587050612262e+01
2.017850918068533339e+00 3.910598588412371157e+01
2.683769045684297083e+00 3.350068337790666817e+01
3.569449172918817581e+00 2.860043894850987201e+01
4.747415735545228443e+00 2.394509400762758489e+01
6.314127215228745982e+00 1.966801404860816049e+01
8.397874698773046376e+00 1.605291379371920968e+01
1.116928706887600242e+01 1.222585880811187664e+01
1.485530305009045371e+01 9.455309040033744949e+00
1.975775421915398411e+01 6.806498050814729694e+00
2.627808066036861590e+01 4.663472568201791901e+00
