1.165006770731401298e-01 1.440181161491626938e+02
1.549474780968614351e-01 1.364612209061716044e+02
2.060822440843366743e-01 1.109224565930375803e+02
2.740921752872102490e-01 8.959427695989786855e+01
3.645463047409858159e-01 7.707878295916144396e+01
4.848515217957365397e-01 6.564597774889868731e+01
6.448590895871766371e-01 5.816555568983989133e+01
8.576713214863194157e-01 5.099975095632426303e+01
1.140714471701101296e+00 4.436055761537836872e+01
1.517165694305051771e+00 3.890278100625528879e+01
2.017850918068533339e+00 3.290352546803985945e+01
2.683769045684297083e+00 2.794981121960151427e+01
3.569449172918817581e+00 2.361329353385123753e+01
4.747415735545228443e+00 1.977110325370924215e+01
6.314127215228745982e+00 1.633945054076028924e+01
8.397874698773046376e+00 1.328524491588168033e+01
1.116928706887600242e+01 1.052523114187541431e+01
1.485530305009045371e+01 7.979314046617727918e+00
1.975775421915398411e+01 5.767094234838426203e+00
2.627808066036861590e+01 4.033261455326208278e+00
