1.165006770731401298e-01 2.183628329983069705e+02
1.549474780968614351e-01 1.680411127480296329e+02
2.060822440843366743e-01 1.351437825120729030e+02
2.740921752872102490e-01 1.153730170394969434e+02
3.645463047409858159e-01 9.055501432301119280e+01
4.848515217957365397e-01 6.793195911014967692e+01
6.448590895871766371e-01 6.334104818494929390e+01
8.576713214863194157e-01 5.838140915425091038e+01
1.140714471701101296e+00 5.405454609370860908e+01
1.517165694305051771e+00 4.700392813090157773e+01
2.017850918068533339e+00 4.024672299002601505e+01
2.683769045684297083e+00 3.434345622636994477e+01
3.569449172918817581e+00 2.990766174703886549e+01
4.747415735545228443e+00 2.457930803465908554e+01
6.314127215228745982e+00 2.017901943433095724e+01
8.397874698773046376e+00 1.630495570209678036e+01
1.116928706887600242e+01 1.267164158154032094e+01
1.485530305009045371e+01 9.586755618691316982e+00
1.975775421915398411e+01 6.995258983090053562e+00
2.627808066036861590e+01 4.793087609184813580e+00
