1.165006770731401298e-01 1.079066569896921948e+02
1.549474780968614351e-01 7.261141758849623784e+01
2.060822440843366743e-01 5.764728332964581625e+01
2.740921752872102490e-01 5.491278978552547585e+01
3.645463047409858159e-01 4.922743681269541582e+01
4.848515217957365397e-01 4.810873332339630792e+01
6.448590895871766371e-01 4.246145165334856131e+01
8.576713214863194157e-01 3.711638493545066098e+01
1.140714471701101296e+00 3.291809149153261416e+01
1.517165694305051771e+00 2.829309951628878750e+01
2.017850918068533339e+00 2.380849980253614362e+01
2.683769045684297083e+00 2.045418074776401340e+01
3.569449172918817581e+00 1.711846248176690466e+01
4.747415735545228443e+00 1.432851574122938665e+01
6.314127215228745982e+00 1.181574442870440222e+01
8.397874698773046376e+00 9.408531030675133522e+00
1.116928706887600242e+01 7.470250242510521943e+00
1.485530305009045371e+01 5.649776138542152992e+00
1.975775421915398411e+01 4.169987469947189496e+00
2.627808066036861590e+01 2.896797697640553615e+00
