1.165006770731401298e-01 2.026376669829128616e+02
1.549474780968614351e-01 1.866092405765207332e+02
2.060822440843366743e-01 1.333994426459701401e+02
2.740921752872102490e-01 9.764170584510659978e+01
3.645463047409858159e-01 8.517460301955675561e+01
4.848515217957365397e-01 7.142395486872511867e+01
6.448590895871766371e-01 6.003074394585134854e+01
8.576713214863194157e-01 5.610161052705642248e+01
1.140714471701101296e+00 5.104347358550243285e+01
1.517165694305051771e+00 4.502463412740561211e+01
2.017850918068533339e+00 3.842217105092288421e+01
2.683769045684297083e+00 3.325416214875480136e+01
3.569449172918817581e+00 2.766468562357293237e+01
4.747415735545228443e+00 2.315179589943098293e+01
6.314127215228745982e+00 1.938982927219362651e+01
8.397874698773046376e+00 1.547154051338992886e+01
1.116928706887600242e+01 1.231046176564901984e+01
1.485530305009045371e+01 9.188201258624058454e+00
1.975775421915398411e+01 6.728081307206286610e+00
2.627808066036861590e+01 4.606434078722086767e+00
