1.165006770731401298e-01 1.859561564571794747e+02
1.549474780968614351e-01 1.651604506333853237e+02
2.060822440843366743e-01 1.250603514025713849e+02
2.740921752872102490e-01 1.049174044764801863e+02
3.645463047409858159e-01 9.411364039482300825e+01
4.848515217957365397e-01 7.360029424620400107e+01
6.448590895871766371e-01 6.519588213562812484e+01
8.576713214863194157e-01 6.324849333124026174e+01
1.140714471701101296e+00 5.443820154364608754e+01
1.517165694305051771e+00 5.254246518770393948e+01
2.017850918068533339e+00 4.573722813944068122e+01
2.683769045684297083e+00 3.828177287753953806e+01
3.569449172918817581e+00 3.353981007426842353e+01
4.747415735545228443e+00 2.787317757074810487e+01
6.314127215228745982e+00 2.245338744598857872e+01
8.397874698773046376e+00 1.835034568450952719e+01
1.116928706887600242e+01 1.441290196906997423e+01
1.485530305009045371e+01 1.100791001265922020e+01
1.975775421915398411e+01 7.768244695324741045e+00
2.627808066036861590e+01 5.365316557543783560e+00
