1.165006770731401298e-01 2.278233542834533694e+02
1.549474780968614351e-01 1.987331610441290479e+02
2.060822440843366743e-01 1.469093638595647064e+02
2.740921752872102490e-01 1.167528918709397630e+02
3.645463047409858159e-01 1.008106139230611973e+02
4.848515217957365397e-01 8.062451856930015026e+01
6.448590895871766371e-01 7.698559231701025851e+01
8.576713214863194157e-01 6.735367952169266914e+01
1.140714471701101296e+00 5.806847406442989268e+01
1.517165694305051771e+00 5.502513082447719484e+01
2.017850918068533339e+00 4.816328722056164224e+01
2.683769045684297083e+00 4.037941682999808535e+01
3.569449172918817581e+00 3.552224683867017063e+01
4.747415735545228443e+00 2.967254371664669677e+01
6.314127215228745982e+00 2.385675067602723587e+01
8.397874698773046376e+00 1.901582457775047175e+01
1.116928706887600242e+01 1.492117272156064267e+01
1.485530305009045371e+01 1.136223763967302425e+01
1.975775421915398411e+01 8.002560587625428212e+00
2.627808066036861590e+01 5.706260956611636459e+00
