1.165006770731401298e-01 2.011748298340359327e+02
1.549474780968614351e-01 1.653461616669735577e+02
2.060822440843366743e-01 1.353115069809077227e+02
2.740921752872102490e-01 9.832185157566445355e+01
3.645463047409858159e-01 7.439280242941512711e+01
4.848515217957365397e-01 6.282343536394152750e+01
6.448590895871766371e-01 5.596118741908973959e+01
8.576713214863194157e-01 5.002322647853436877e+01
1.140714471701101296e+00 4.459505210293848876e+01
1.517165694305051771e+00 3.904902904364795546e+01
2.017850918068533339e+00 3.375557753432877206e+01
2.683769045684297083e+00 2.886184092257447631e+01
3.569449172918817581e+00 2.438102960372805583e+01
4.747415735545228443e+00 2.036490435118516729e+01
6.314127215228745982e+00 1.677686667480499949e+01
8.397874698773046376e+00 1.364866664572767618e+01
1.116928706887600242e+01 1.069544793027710305e+01
1.485530305009045371e+01 8.128598179005624758e+00
1.975775421915398411e+01 5.878347403669399895e+00
2.627808066036861590e+01 4.086347765005220012e+00
