1.165006770731401298e-01 1.987619166732288534e+02
1.549474780968614351e-01 2.003776213872816356e+02
2.060822440843366743e-01 1.292010848713100302e+02
2.740921752872102490e-01 1.294870932372289190e+02
3.645463047409858159e-01 1.066707060270326366e+02
4.848515217957365397e-01 9.075527785121528268e+01
6.448590895871766371e-01 7.363839410415981490e+01
8.576713214863194157e-01 6.367383820918674076e+01
1.140714471701101296e+00 6.063408599043908964e+01
1.517165694305051771e+00 6.250182821359599927e+01
2.017850918068533339e+00 5.106131221355042982e+01
2.683769045684297083e+00 4.352814079462728358e+01
3.569449172918817581e+00 3.646729185780613136e+01
4.747415735545228443e+00 3.021031783292105999e+01
6.314127215228745982e+00 2.440646901051093209e+01
8.397874698773046376e+00 2.012505318550843825e+01
1.116928706887600242e+01 1.568095910923297254e+01
1.485530305009045371e+01 1.179882007803101729e+01
1.975775421915398411e+01 8.204544026662514256e+00
2.627808066036861590e+01 5.886277119378680922e+00
