1.165006770731401298e-01 2.893357196043363047e+02
1.549474780968614351e-01 2.031080883990511552e+02
2.060822440843366743e-01 1.600620090020761950e+02
2.740921752872102490e-01 1.157502269040447516e+02
3.645463047409858159e-01 8.501247655881351761e+01
4.848515217957365397e-01 6.924290550890665941e+01
6.448590895871766371e-01 6.244501456746392876e+01
8.576713214863194157e-01 5.767338331481342806e+01
1.140714471701101296e+00 5.320375721397615365e+01
1.517165694305051771e+00 4.801805490533611476e+01
2.017850918068533339e+00 4.174054565168101760e+01
2.683769045684297083e+00 3.496628061925552799e+01
3.569449172918817581e+00 2.911453024706888115e+01
4.747415735545228443e+00 2.405135863998141943e+01
6.314127215228745982e+00 1.964264197844699567e+01
8.397874698773046376e+00 1.579481195816284789e+01
1.116928706887600242e+01 1.249692139840501426e+01
1.485530305009045371e+01 9.433075221374753738e+00
1.975775421915398411e+01 6.626766657424846940e+00
2.627808066036861590e+01 4.551319529135708919e+00
