1.165006770731401298e-01 1.214827280160380724e+03
1.549474780968614351e-01 9.974683230690500295e+02
2.060822440843366743e-01 7.613425700223423291e+02
2.740921752872102490e-01 5.665834540046460006e+02
3.645463047409858159e-01 3.922182065141939802e+02
4.848515217957365397e-01 2.535121057372454345e+02
6.448590895871766371e-01 1.767735738019306098e+02
8.576713214863194157e-01 1.413869739385008302e+02
1.140714471701101296e+00 1.142813093203483561e+02
1.517165694305051771e+00 9.886918918083912899e+01
2.017850918068533339e+00 8.085229115011721035e+01
2.683769045684297083e+00 6.476780497394069869e+01
3.569449172918817581e+00 5.393727898905486029e+01
4.747415735545228443e+00 4.320247121136317503e+01
6.314127215228745982e+00 3.476500418102654777e+01
8.397874698773046376e+00 2.731601348578022836e+01
1.116928706887600242e+01 2.113005061121156558e+01
1.485530305009045371e+01 1.573735245636201441e+01
1.975775421915398411e+01 1.095489040566389249e+01
2.627808066036861590e+01 7.303065847477602901e+00
