1.165006770731401298e-01 2.365332520054549263e+02
1.549474780968614351e-01 1.941636404379279384e+02
2.060822440843366743e-01 1.523998572076165203e+02
2.740921752872102490e-01 1.195171120442905277e+02
3.645463047409858159e-01 8.820270712251684131e+01
4.848515217957365397e-01 7.498440413492296841e+01
6.448590895871766371e-01 6.302817964868714995e+01
8.576713214863194157e-01 5.864310008537556484e+01
1.140714471701101296e+00 5.695231395744927028e+01
1.517165694305051771e+00 4.928449066572970594e+01
2.017850918068533339e+00 4.301016440394223395e+01
2.683769045684297083e+00 3.717239086055208475e+01
3.569449172918817581e+00 3.094279841559998090e+01
4.747415735545228443e+00 2.595962037345993778e+01
6.314127215228745982e+00 2.119813103091851758e+01
8.397874698773046376e+00 1.697539257120757128e+01
1.116928706887600242e+01 1.318551895920547601e+01
1.485530305009045371e+01 1.003755516905135536e+01
1.975775421915398411e+01 7.246274450763611874e+00
2.627808066036861590e+01 4.916712886286978446e+00
