1.165006770731401298e-01 7.575646782017135195e+01
1.549474780968614351e-01 5.373476306647146572e+01
2.060822440843366743e-01 5.061390034497238588e+01
2.740921752872102490e-01 4.898337504464237213e+01
3.645463047409858159e-01 4.725699264829042079e+01
4.848515217957365397e-01 4.250288343834914428e+01
6.448590895871766371e-01 3.810484207172041238e+01
8.576713214863194157e-01 3.216633462234860730e+01
1.140714471701101296e+00 2.836040102974429900e+01
1.517165694305051771e+00 2.394357170454368600e+01
2.017850918068533339e+00 2.060851001501330160e+01
2.683769045684297083e+00 1.787227548060940308e+01
3.569449172918817581e+00 1.484818214318769591e+01
4.747415735545228443e+00 1.269067168587290695e+01
6.314127215228745982e+00 1.026262676186439649e+01
8.397874698773046376e+00 8.376500925866874780e+00
1.116928706887600242e+01 6.641176270286791805e+00
1.485530305009045371e+01 5.105002736301313959e+00
1.975775421915398411e+01 3.692851116005523515e+00
2.627808066036861590e+01 2.643599316893217921e+00
