1.165006770731401298e-01 2.101436625601282628e+02
1.549474780968614351e-01 1.731151545756473809e+02
2.060822440843366743e-01 1.334171310915699564e+02
2.740921752872102490e-01 1.039397759539612025e+02
3.645463047409858159e-01 7.806576621104417768e+01
4.848515217957365397e-01 6.421619931034022954e+01
6.448590895871766371e-01 5.809513334569116694e+01
8.576713214863194157e-01 5.236879426450100539e+01
1.140714471701101296e+00 4.689312081581059033e+01
1.517165694305051771e+00 4.143013107686975616e+01
2.017850918068533339e+00 3.619498411673006899e+01
2.683769045684297083e+00 3.083541828320839429e+01
3.569449172918817581e+00 2.576666452604396085e+01
4.747415735545228443e+00 2.167160410555036520e+01
6.314127215228745982e+00 1.764215251244422689e+01
8.397874698773046376e+00 1.426458509409925668e+01
1.116928706887600242e+01 1.120037636084540011e+01
1.485530305009045371e+01 8.521039541236543613e+00
1.975775421915398411e+01 6.077262499900351500e+00
2.627808066036861590e+01 4.242222325353567136e+00
