1.165006770731401298e-01 2.653713836923905660e+02
1.549474780968614351e-01 2.161144475274287231e+02
2.060822440843366743e-01 1.795848562474473056e+02
2.740921752872102490e-01 1.252578635981213182e+02
3.645463047409858159e-01 1.006970053158815972e+02
4.848515217957365397e-01 7.517612851466988388e+01
6.448590895871766371e-01 6.714031324857353411e+01
8.576713214863194157e-01 5.920157425982866783e+01
1.140714471701101296e+00 5.649702665401328261e+01
1.517165694305051771e+00 5.371561980077066067e+01
2.017850918068533339e+00 4.726058747213764377e+01
2.683769045684297083e+00 4.011501051693406339e+01
3.569449172918817581e+00 3.304146441724956418e+01
4.747415735545228443e+00 2.757823087751214786e+01
6.314127215228745982e+00 2.239620947424539210e+01
8.397874698773046376e+00 1.805256832471701145e+01
1.116928706887600242e+01 1.412109631753866346e+01
1.485530305009045371e+01 1.059188149785186006e+01
1.975775421915398411e+01 7.643357832776223049e+00
2.627808066036861590e+01 5.196662932351033604e+00
