7.450000000000000178e+00 4.370300925925942048e-02
7.549999999999999822e+00 4.047201388888903295e-02
7.649999999999999467e+00 3.748665277777791377e-02
7.749999999999999112e+00 3.465806944444456417e-02
7.849999999999998757e+00 3.206786111111122745e-02
7.949999999999998401e+00 2.964187962962973669e-02
8.049999999999997158e+00 2.740895833333342746e-02
8.149999999999998579e+00 2.532038888888897901e-02
8.249999999999996447e+00 2.339460648148156477e-02
8.349999999999997868e+00 2.161772685185192958e-02
8.449999999999995737e+00 1.993101851851859091e-02
8.549999999999997158e+00 1.840768981481488015e-02
8.649999999999995026e+00 1.699929629629635952e-02
8.749999999999996447e+00 1.568949074074079547e-02
8.849999999999994316e+00 1.449478240740745792e-02
8.949999999999995737e+00 1.337490277777782580e-02
9.049999999999993605e+00 1.234562962962967164e-02
9.149999999999995026e+00 1.139943055555559664e-02
9.249999999999992895e+00 1.053249074074077800e-02
9.349999999999994316e+00 9.737175925925961595e-03
9.449999999999992184e+00 9.025435185185217909e-03
9.549999999999993605e+00 8.370435185185213373e-03
9.649999999999991473e+00 7.801393518518546892e-03
9.749999999999992895e+00 7.276009259259285863e-03
9.849999999999990763e+00 6.812240740740764522e-03
9.949999999999992184e+00 6.421527777777801156e-03
1.004999999999999005e+01 6.074425925925947510e-03
1.014999999999999147e+01 5.787824074074094521e-03
1.024999999999998934e+01 5.542069444444464033e-03
1.034999999999999076e+01 5.333291666666685818e-03
1.044999999999998863e+01 5.134245370370387959e-03
1.054999999999999005e+01 4.887157407407425116e-03
1.064999999999998792e+01 4.541273148148164060e-03
1.074999999999998934e+01 4.036648148148162460e-03
1.084999999999998721e+01 3.377388888888900684e-03
1.094999999999998863e+01 2.614986111111120438e-03
1.104999999999998650e+01 1.851231481481487983e-03
1.114999999999998792e+01 1.187925925925930161e-03
1.124999999999998579e+01 6.942407407407432058e-04
1.134999999999998721e+01 3.659629629629643091e-04
1.144999999999998508e+01 1.759768518518524546e-04
1.154999999999998650e+01 7.597685185185211096e-05
1.164999999999998437e+01 3.015740740740751577e-05
1.174999999999998579e+01 1.052777777777781721e-05
1.184999999999998366e+01 3.365740740740752546e-06
1.194999999999998508e+01 1.120370370370374459e-06
1.204999999999998295e+01 2.083333333333340739e-07
