1.165006770731401298e-01 5.358615704446329801e+03
1.549474780968614351e-01 4.155469526300171310e+03
2.060822440843366743e-01 2.955072925705689158e+03
2.740921752872102490e-01 1.525182991476290681e+03
3.645463047409858159e-01 1.483741084295809287e+03
4.848515217957365397e-01 6.482483775213744366e+02
6.448590895871766371e-01 4.633224833562086360e+02
8.576713214863194157e-01 2.849039631770930896e+02
1.140714471701101296e+00 1.752454280194044713e+02
1.517165694305051771e+00 2.479013078865436910e+02
2.017850918068533339e+00 1.263667817344783941e+02
2.683769045684297083e+00 1.444978782484127464e+02
3.569449172918817581e+00 1.072667051093401653e+02
4.747415735545228443e+00 7.762386599147704658e+01
6.314127215228745982e+00 6.876958105329970294e+01
8.397874698773046376e+00 5.296247715962658731e+01
1.116928706887600242e+01 3.670156910333040656e+01
1.485530305009045371e+01 2.863285904743004195e+01
1.975775421915398411e+01 2.048713303051733448e+01
2.627808066036861590e+01 1.379131058755516825e+01
