1.165006770731401298e-01 3.123222400013120250e+02
1.549474780968614351e-01 1.876684533883080519e+02
2.060822440843366743e-01 2.036269023456117964e+02
2.740921752872102490e-01 1.543652246783160820e+02
3.645463047409858159e-01 1.090477065185264536e+02
4.848515217957365397e-01 8.630088218149016654e+01
6.448590895871766371e-01 7.256103022553830328e+01
8.576713214863194157e-01 6.583904922847914065e+01
1.140714471701101296e+00 6.298289810900844543e+01
1.517165694305051771e+00 6.415167910618546898e+01
2.017850918068533339e+00 5.334735178947055090e+01
2.683769045684297083e+00 4.694428503185383761e+01
3.569449172918817581e+00 3.947225749757814839e+01
4.747415735545228443e+00 3.276883807475621069e+01
6.314127215228745982e+00 2.639044010885059421e+01
8.397874698773046376e+00 2.147210877496314652e+01
1.116928706887600242e+01 1.647167903630975516e+01
1.485530305009045371e+01 1.266411946473345473e+01
1.975775421915398411e+01 8.770049266302624602e+00
2.627808066036861590e+01 6.204245510664668117e+00
