1.165006770731401298e-01 2.453823389567864979e+03
1.549474780968614351e-01 1.743590273243725505e+03
2.060822440843366743e-01 1.249675659691576357e+03
2.740921752872102490e-01 8.422658802863788878e+02
3.645463047409858159e-01 6.752309876395115680e+02
4.848515217957365397e-01 4.440861910317283900e+02
6.448590895871766371e-01 2.688548495565009375e+02
8.576713214863194157e-01 1.877286850129154629e+02
1.140714471701101296e+00 1.564449250506453097e+02
1.517165694305051771e+00 1.377327170877260301e+02
2.017850918068533339e+00 1.074433099735129247e+02
2.683769045684297083e+00 9.377423551886867870e+01
3.569449172918817581e+00 7.238060135219950553e+01
4.747415735545228443e+00 5.757230552079258956e+01
6.314127215228745982e+00 4.585125440389636964e+01
8.397874698773046376e+00 3.647031559965272152e+01
1.116928706887600242e+01 2.628603401319573862e+01
1.485530305009045371e+01 2.032398543369574284e+01
1.975775421915398411e+01 1.397121187936130582e+01
2.627808066036861590e+01 9.688104119035525486e+00
