1.165006770731401298e-01 2.436782842718119468e+02
1.549474780968614351e-01 1.883980668287400420e+02
2.060822440843366743e-01 1.424649129720895360e+02
2.740921752872102490e-01 1.072524642393932197e+02
3.645463047409858159e-01 7.855916024678271015e+01
4.848515217957365397e-01 6.725434015108660901e+01
6.448590895871766371e-01 5.935661497141722975e+01
8.576713214863194157e-01 5.403594079616427592e+01
1.140714471701101296e+00 5.045695850173343189e+01
1.517165694305051771e+00 4.417052763180564057e+01
2.017850918068533339e+00 3.811712468157183764e+01
2.683769045684297083e+00 3.235238622419163335e+01
3.569449172918817581e+00 2.719111492692913856e+01
4.747415735545228443e+00 2.277992125940897594e+01
6.314127215228745982e+00 1.836935823594238570e+01
8.397874698773046376e+00 1.494580903690629725e+01
1.116928706887600242e+01 1.168415939120249902e+01
1.485530305009045371e+01 8.809523628832639730e+00
1.975775421915398411e+01 6.324870329457636942e+00
2.627808066036861590e+01 4.380505835000715997e+00
