1.000000000000000000e+01 6.166792038049415225e+00 4.708351982019245874e+00 7.306857941069328177e+00
1.001002004008016044e+01 6.194008688112138117e+00 4.751078841456237711e+00 7.326177838033780532e+00
1.002004008016032088e+01 6.221224995553138015e+00 4.790435658588146239e+00 7.343880377945128046e+00
1.003006012024048133e+01 6.248440941855649911e+00 4.826981002370978047e+00 7.362982565194480244e+00
1.004008016032064177e+01 6.275656507502812786e+00 4.865552031936985600e+00 7.383809967554940457e+00
1.005010020040080221e+01 6.302871671923729657e+00 4.902560886370631366e+00 7.404625151747575629e+00
1.006012024048096265e+01 6.330086413436619708e+00 4.941684197997504135e+00 7.425163153658920656e+00
1.007014028056112309e+01 6.357300709188912435e+00 4.979851849344437476e+00 7.444853932952438136e+00
1.008016032064128176e+01 6.384514535094119481e+00 5.018103172566323877e+00 7.462193333723957878e+00
1.009018036072144220e+01 6.411727865765335821e+00 5.058406174675771361e+00 7.479753196565771312e+00
1.010020040080160264e+01 6.438940674445120749e+00 5.100719665598881569e+00 7.499868943295410872e+00
1.011022044088176308e+01 6.466152932931661823e+00 5.137565323993392497e+00 7.519137994856023965e+00
1.012024048096192352e+01 6.493364611500945571e+00 5.176752409436130797e+00 7.539088055853113701e+00
1.013026052104208397e+01 6.520575678824764410e+00 5.217783528324160258e+00 7.556257136707262845e+00
1.014028056112224441e+01 6.547786101884313759e+00 5.260076760903842796e+00 7.573424496038771991e+00
1.015030060120240485e+01 6.574995845879169742e+00 5.299748916793095788e+00 7.590590080971396425e+00
1.016032064128256529e+01 6.602204874131375689e+00 5.342531084060475166e+00 7.609058920142800275e+00
1.017034068136272573e+01 6.629413147984394961e+00 5.377811506440410838e+00 7.628998946472167475e+00
1.018036072144288617e+01 6.656620626696656551e+00 5.418216534223025072e+00 7.649590885818523311e+00
1.019038076152304662e+01 6.683827267329398580e+00 5.460112310003742309e+00 7.668399311245996053e+00
1.020040080160320706e+01 6.711033024628514809e+00 5.496840295536111753e+00 7.686331103184736335e+00
1.021042084168336750e+01 6.738237850900084425e+00 5.535767063336522575e+00 7.706452098655793392e+00
1.022044088176352616e+01 6.765441695879250261e+00 5.576622928566615123e+00 7.726042171396539260e+00
1.023046092184368661e+01 6.792644506592117715e+00 5.617341761542159695e+00 7.745751426702554454e+00
1.024048096192384705e+01 6.819846227210242695e+00 5.657448152910047767e+00 7.764112735627582751e+00
1.025050100200400749e+01 6.847046798897404862e+00 5.698838488781185596e+00 7.784357603288691863e+00
1.026052104208416793e+01 6.874246159648197185e+00 5.736933556482076924e+00 7.802812537905877477e+00
1.027054108216432837e+01 6.901444244118035698e+00 5.773002302316471379e+00 7.822327389023409516e+00
1.028056112224448881e+01 6.928640983444118717e+00 5.813227409007458490e+00 7.842448515415336274e+00
1.029058116232464926e+01 6.955836305056886104e+00 5.856092006005875206e+00 7.861804133894596980e+00
1.030060120240480970e+01 6.983030132481458985e+00 5.890298242882014534e+00 7.880086468338090455e+00
1.031062124248497014e+01 7.010222385128566103e+00 5.923755886080122046e+00 7.898364734649172547e+00
1.032064128256513058e+01 7.037412978074385705e+00 5.967562609807191443e+00 7.916262971071864385e+00
1.033066132264529102e+01 7.064601821828740746e+00 6.005088657717664979e+00 7.934669203729155740e+00
1.034068136272545146e+01 7.091788822091058542e+00 6.041709010902741817e+00 7.953173765256154937e+00
1.035070140280561191e+01 7.118973879493436741e+00 6.079332080600075905e+00 7.971434377390511195e+00
1.036072144288577235e+01 7.146156889330174344e+00 6.123808955277851851e+00 7.991382941701059117e+00
1.037074148296593101e+01 7.173337741273073220e+00 6.163788724705570488e+00 8.010174125872666195e+00
1.038076152304609145e+01 7.200516319071791571e+00 6.206652627596145777e+00 8.028092500222625105e+00
1.039078156312625190e+01 7.227692500238431350e+00 6.249532909691610350e+00 8.047869624068054506e+00
1.040080160320641234e+01 7.254866155715669507e+00 6.292289858455367479e+00 8.067563412237547027e+00
1.041082164328657278e+01 7.282037149527488928e+00 6.335291033253213300e+00 8.087003374981478032e+00
1.042084168336673322e+01 7.309205338411716824e+00 6.377475589770667419e+00 8.108434211621272425e+00
1.043086172344689366e+01 7.336370571433405985e+00 6.416652546223845732e+00 8.127184832715350637e+00
1.044088176352705410e+01 7.363532689578132562e+00 6.454116853882231553e+00 8.145478874209942433e+00
1.045090180360721455e+01 7.390691525324202260e+00 6.494276891914600114e+00 8.164425785722869477e+00
1.046092184368737499e+01 7.417846902192733793e+00 6.532130219720857056e+00 8.187188420257831112e+00
1.047094188376753543e+01 7.444998634274516469e+00 6.570957272288412199e+00 8.205930804410677126e+00
1.048096192384769587e+01 7.472146525732519251e+00 6.610474298466187726e+00 8.223293199757961247e+00
1.049098196392785631e+01 7.499290370278875351e+00 6.647726459292925938e+00 8.243453820406498878e+00
1.050100200400801675e+01 7.526429950625090015e+00 6.688325790620309519e+00 8.262393754391851530e+00
1.051102204408817542e+01 7.553565037904213852e+00 6.729026876633220411e+00 8.282184042492531262e+00
1.052104208416833586e+01 7.580695391063651201e+00 6.770434044319120659e+00 8.303261024203811402e+00
1.053106212424849630e+01 7.607820756227164694e+00 6.807830390526037334e+00 8.323024378922177391e+00
1.054108216432865675e+01 7.634940866024722439e+00 6.847131895504100285e+00 8.341801383353848465e+00
1.055110220440881719e+01 7.662055438888635273e+00 6.882650080756667954e+00 8.359558387051510664e+00
1.056112224448897763e+01 7.689164178314459974e+00 6.919624376325419490e+00 8.382761394614339778e+00
1.057114228456913807e+01 7.716266772085058179e+00 6.956614689001090035e+00 8.400985037967968694e+00
1.058116232464929851e+01 7.743362891456177621e+00 6.994058470143625250e+00 8.418165429243725129e+00
1.059118236472945895e+01 7.770452190301833539e+00 7.034522876361846144e+00 8.438057304615423249e+00
1.060120240480961940e+01 7.797534304217725420e+00 7.076666235624773371e+00 8.457906458996880872e+00
1.061122244488977984e+01 7.824608849580910075e+00 7.114169551671593261e+00 8.478462452417971917e+00
1.062124248496994028e+01 7.851675422563832996e+00 7.150870666911807838e+00 8.500718623454869061e+00
1.063126252505010072e+01 7.878733598100840396e+00 7.188009961162247663e+00 8.519450612097582365e+00
1.064128256513026116e+01 7.905782928805213494e+00 7.222979555500041116e+00 8.539138565990709751e+00
1.065130260521042160e+01 7.932822943834725749e+00 7.262894105819542645e+00 8.557562556824446887e+00
1.066132264529058205e+01 7.959853147703720211e+00 7.297585618988611245e+00 8.576744017769520667e+00
1.067134268537074071e+01 7.986873019039614441e+00 7.325811510115412872e+00 8.595228745423085570e+00
1.068136272545090115e+01 8.013882009281815044e+00 7.364319944332599732e+00 8.615157195960481573e+00
1.069138276553106159e+01 8.040879541320844481e+00 7.396093650694151478e+00 8.639833063169419347e+00
1.070140280561122204e+01 8.067865008075679967e+00 7.433843930571404357e+00 8.660107080139278324e+00
1.071142284569138248e+01 8.094837771007144411e+00 7.474748235385714423e+00 8.683144724358616173e+00
1.072144288577154292e+01 8.121797158565248864e+00 7.511433689789470236e+00 8.701913347264518706e+00
1.073146292585170336e+01 8.148742464568462296e+00 7.544526374378534683e+00 8.725371636740076653e+00
1.074148296593186380e+01 8.175672946512841932e+00 7.581537903353977370e+00 8.748756109853186302e+00
1.075150300601202424e+01 8.202587823809089684e+00 7.620678747195805514e+00 8.768274267199551275e+00
1.076152304609218469e+01 8.229486275945619767e+00 7.654883546863803900e+00 8.790338034996532102e+00
1.077154308617234513e+01 8.256367440575862915e+00 7.688830967467795929e+00 8.813456284402574781e+00
1.078156312625250557e+01 8.283230411528110793e+00 7.726275464691258144e+00 8.835545844428144946e+00
1.079158316633266601e+01 8.310074236736404885e+00 7.762269581003029550e+00 8.856626005058954476e+00
1.080160320641282468e+01 8.336897916091093208e+00 7.799444032967890905e+00 8.876521647238288182e+00
1.081162324649298512e+01 8.363700399207955272e+00 7.838233017191511109e+00 8.895439943398573135e+00
1.082164328657314556e+01 8.390480583114925395e+00 7.872172869447867427e+00 8.917339523629912890e+00
1.083166332665330600e+01 8.417237309855917005e+00 7.906858465953066073e+00 8.938981409517078092e+00
1.084168336673346644e+01 8.443969364011367773e+00 7.938437379910199709e+00 8.960533390194624914e+00
1.085170340681362688e+01 8.470675470135667240e+00 7.968752190488581633e+00 8.982734831175065437e+00
1.086172344689378733e+01 8.497354290111960751e+00 8.005408961557211711e+00 9.003865843015731230e+00
1.087174348697394777e+01 8.524004420425347561e+00 8.035744796584115335e+00 9.026751081921270625e+00
1.088176352705410821e+01 8.550624389356054067e+00 8.067306173837238248e+00 9.045724473499282325e+00
1.089178356713426865e+01 8.577212654094710231e+00 8.100680366181437719e+00 9.065045385282862966e+00
1.090180360721442909e+01 8.603767597782635335e+00 8.136917911815674032e+00 9.085618837893930433e+00
1.091182364729458953e+01 8.630287526480696414e+00 8.174713506797498752e+00 9.105611149626581025e+00
1.092184368737474998e+01 8.656770666071263776e+00 8.208102167977800789e+00 9.128650848416004493e+00
1.093186372745491042e+01 8.683215159098580216e+00 8.241251109234823957e+00 9.150141349235070720e+00
1.094188376753507086e+01 8.709619061554041863e+00 8.276984019222568989e+00 9.168799740411618160e+00
1.095190380761523130e+01 8.735980339613835355e+00 8.312477717233953456e+00 9.189469882866141859e+00
1.096192384769538997e+01 8.762296866337756285e+00 8.344496948754134280e+00 9.211187569849613510e+00
1.097194388777555041e+01 8.788566418339271991e+00 8.377776668065200383e+00 9.231986422113800828e+00
1.098196392785571085e+01 8.814786672438296833e+00 8.412901795921083448e+00 9.253323296619507587e+00
1.099198396793587129e+01 8.840955202309821459e+00 8.445776429764695337e+00 9.274437827994876926e+00
1.100200400801603173e+01 8.867069475143074087e+00 8.476951760039028727e+00 9.293451009678175723e+00
1.101202404809619217e+01 8.893126848327730372e+00 8.507607114771101209e+00 9.313735464560345179e+00
1.102204408817635262e+01 8.919124566185541170e+00 8.536451471084628650e+00 9.334477577975174967e+00
1.103206412825651306e+01 8.945059756767804515e+00 8.568304752774661637e+00 9.352272214279709672e+00
1.104208416833667350e+01 8.970929428741129641e+00 8.596760312029644524e+00 9.371557705005960415e+00
1.105210420841683394e+01 8.996730468386218149e+00 8.626751690958814223e+00 9.392512372225876760e+00
1.106212424849699438e+01 9.022459636736614996e+00 8.655890180802671807e+00 9.415377546151583843e+00
1.107214428857715482e+01 9.048113566886781811e+00 8.682933853826561688e+00 9.434930131424859923e+00
1.108216432865731527e+01 9.073688761501275124e+00 8.709699776717098274e+00 9.456172696904967978e+00
1.109218436873747393e+01 9.099181590559197730e+00 8.741133278590410782e+00 9.478854571300621146e+00
1.110220440881763437e+01 9.124588289370683114e+00 8.772220025627371243e+00 9.500424873645638257e+00
1.111222444889779482e+01 9.149904956904466147e+00 8.807982561345914618e+00 9.520137166354420089e+00
1.112224448897795526e+01 9.175127554468152979e+00 8.838466132159778610e+00 9.544507570888447034e+00
1.113226452905811570e+01 9.200251904784996881e+00 8.871310983332852729e+00 9.567552660193282321e+00
1.114228456913827614e+01 9.225273691513192986e+00 8.904050787985749338e+00 9.588555241480481328e+00
1.115230460921843658e+01 9.250188459255676676e+00 8.935230734372241912e+00 9.607377370059149158e+00
1.116232464929859702e+01 9.274991614110160043e+00 8.964725802239250640e+00 9.628691034195389520e+00
1.117234468937875747e+01 9.299678424810526423e+00 8.992086611812643682e+00 9.649617360014856260e+00
1.118236472945891791e+01 9.324244024511790130e+00 9.018616377066024370e+00 9.669190585728095755e+00
1.119238476953907835e+01 9.348683413271395182e+00 9.046540445174256817e+00 9.689792974980855789e+00
1.120240480961923879e+01 9.372991461279703174e+00 9.076109978099752951e+00 9.710693902472893768e+00
1.121242484969939923e+01 9.397162912891994679e+00 9.103891805152553474e+00 9.733780602641704860e+00
1.122244488977955967e+01 9.421192391513086406e+00 9.130823000613741414e+00 9.757187965586824774e+00
1.123246492985972012e+01 9.445074405383662608e+00 9.160475978979802036e+00 9.778779627755579185e+00
1.124248496993988056e+01 9.468803354314580645e+00 9.184683263770335060e+00 9.799477696376648339e+00
1.125250501002004100e+01 9.492373537411689099e+00 9.206169183317088667e+00 9.822207453580942271e+00
1.126252505010019966e+01 9.515779161828849197e+00 9.229867815937076614e+00 9.843517183562369155e+00
1.127254509018036011e+01 9.539014352581173029e+00 9.256360236006713649e+00 9.865485739194602033e+00
1.128256513026052055e+01 9.562073163443400858e+00 9.281017999373659677e+00 9.887212148844820803e+00
1.129258517034068099e+01 9.584949588950497201e+00 9.305187380959120347e+00 9.910015545913257284e+00
1.130260521042084143e+01 9.607637577508182147e+00 9.336065910575380045e+00 9.930169635412577023e+00
1.131262525050100187e+01 9.630131045610879070e+00 9.361629741907055546e+00 9.951982707154835239e+00
1.132264529058116231e+01 9.652423893153104117e+00 9.383666479355841972e+00 9.973202534241039530e+00
1.133266533066132276e+01 9.674510019807872396e+00 9.412058802535248958e+00 9.997077560145509523e+00
1.134268537074148320e+01 9.696383342432264740e+00 9.438728627423907724e+00 1.001742613898297485e+01
1.135270541082164364e+01 9.718037813446153805e+00 9.461213645561020513e+00 1.003689792489481469e+01
1.136272545090180408e+01 9.739467440115150865e+00 9.488112189604864355e+00 1.005548468641816839e+01
1.137274549098196452e+01 9.760666304653648595e+00 9.512955305930962169e+00 1.007431443212645483e+01
1.138276553106212496e+01 9.781628585048242286e+00 9.542560081770087521e+00 1.009236223981482894e+01
1.139278557114228363e+01 9.802348576486464182e+00 9.568037492689459356e+00 1.011095070044809319e+01
1.140280561122244407e+01 9.822820713260634662e+00 9.591354521046877579e+00 1.012836706213733429e+01
1.141282565130260451e+01 9.843039591002241906e+00 9.611800447597337538e+00 1.014634292713616759e+01
1.142284569138276495e+01 9.862999989088939046e+00 9.632888656997248944e+00 1.016093931763681368e+01
1.143286573146292540e+01 9.882696893054161436e+00 9.652902398008114560e+00 1.017693913408704276e+01
1.144288577154308584e+01 9.902125516819060280e+00 9.676315312422449466e+00 1.019190408260564951e+01
1.145290581162324628e+01 9.921281324558204773e+00 9.698799254122331348e+00 1.020644939000322360e+01
1.146292585170340672e+01 9.940160052004555880e+00 9.721492413590805626e+00 1.022034214844790334e+01
1.147294589178356716e+01 9.958757726995921544e+00 9.740239172090952025e+00 1.023411764467125096e+01
1.148296593186372760e+01 9.977070689064662545e+00 9.757236306058381103e+00 1.024618992556466424e+01
1.149298597194388805e+01 9.995095607875093435e+00 9.777219410470403105e+00 1.025762851274920706e+01
1.150300601202404849e+01 1.001282950031871266e+01 9.795082326801129113e+00 1.026917610382395907e+01
1.151302605210420893e+01 1.003026974608649091e+01 9.815188655800696438e+00 1.027967864597635028e+01
1.152304609218436937e+01 1.004741410154948511e+01 9.832439523859141772e+00 1.029173184850685452e+01
1.153306613226452981e+01 1.006426071179438786e+01 9.851734783533482087e+00 1.030205402838733519e+01
1.154308617234469025e+01 1.008080812067855803e+01 9.869771285892417367e+00 1.031276962065617653e+01
1.155310621242484892e+01 1.009705527878982068e+01 9.889497086298609574e+00 1.032180630599234306e+01
1.156312625250500936e+01 1.011300154921915961e+01 9.908346525381819703e+00 1.033167995019869245e+01
1.157314629258516980e+01 1.012864671107902659e+01 9.925743102706601206e+00 1.034086676983749520e+01
1.158316633266533024e+01 1.014399096072617645e+01 9.941851210742861156e+00 1.035028435250932333e+01
1.159318637274549069e+01 1.015903491067458475e+01 9.960767638569217652e+00 1.035907545782836081e+01
1.160320641282565113e+01 1.017377958621123923e+01 9.977279598757906598e+00 1.036740111223667427e+01
1.161322645290581157e+01 1.018822641975446608e+01 9.993184742792404762e+00 1.037536479616324669e+01
1.162324649298597201e+01 1.020237724302045201e+01 1.000967482923522134e+01 1.038326173203106961e+01
1.163326653306613245e+01 1.021623427708849441e+01 1.002454026530119613e+01 1.039095300102249375e+01
1.164328657314629289e+01 1.022980012047838905e+01 1.004002612304596376e+01 1.039849762380430143e+01
1.165330661322645334e+01 1.024307773537425170e+01 1.005448215712590532e+01 1.040578033141750502e+01
1.166332665330661378e+01 1.025607043214720804e+01 1.006854869080135906e+01 1.041271713044293001e+01
1.167334669338677422e+01 1.026878185234482821e+01 1.008306139034323046e+01 1.041969405825361683e+01
1.168336673346693289e+01 1.028121595032750513e+01 1.009777034466863732e+01 1.042658789145280451e+01
1.169338677354709333e+01 1.029337697374114491e+01 1.011167002135937310e+01 1.043283613425635536e+01
1.170340681362725377e+01 1.030526944302150838e+01 1.012560671340160035e+01 1.043934075687260687e+01
1.171342685370741421e+01 1.031689813012836687e+01 1.013867055541212991e+01 1.044591561859833817e+01
1.172344689378757465e+01 1.032826803670735138e+01 1.015181423236112934e+01 1.045218590546126158e+01
1.173346693386773509e+01 1.033938437187426729e+01 1.016417389625827994e+01 1.045818346940598964e+01
1.174348697394789554e+01 1.035025252981085231e+01 1.017633036659402279e+01 1.046426085286446828e+01
1.175350701402805598e+01 1.036087806735281092e+01 1.018906937358063303e+01 1.047016869701316821e+01
1.176352705410821642e+01 1.037126668174078148e+01 1.020054436035500167e+01 1.047605690536693679e+01
1.177354709418837686e+01 1.038142418869290218e+01 1.021334563609324420e+01 1.048197984831783103e+01
1.178356713426853730e+01 1.039135650094439178e+01 1.022584863630232377e+01 1.048783690598757623e+01
1.179358717434869774e+01 1.040106960738518005e+01 1.023723955347339398e+01 1.049340749666193062e+01
1.180360721442885819e+01 1.041056955291158914e+01 1.024954165627636193e+01 1.049893548510925712e+01
1.181362725450901863e+01 1.041986241909266475e+01 1.026214620878410777e+01 1.050456202081439194e+01
1.182364729458917907e+01 1.042895430573621063e+01 1.027330711204380087e+01 1.051011306920115906e+01
1.183366733466933951e+01 1.043785131342434092e+01 1.028507590892575152e+01 1.051543864901075764e+01
1.184368737474949818e+01 1.044655952707341839e+01 1.029614225034136332e+01 1.052067738708687905e+01
1.185370741482965862e+01 1.045508500055905543e+01 1.030665314312563119e+01 1.052601301846719473e+01
1.186372745490981906e+01 1.046343374243333457e+01 1.031772145226154613e+01 1.053124875861383991e+01
1.187374749498997950e+01 1.047161170274896058e+01 1.033031283151987267e+01 1.053635617274458980e+01
1.188376753507013994e+01 1.047962476099352003e+01 1.034139599091445660e+01 1.054170759256972723e+01
1.189378757515030038e+01 1.048747871512663110e+01 1.035312682305285037e+01 1.054701414208419941e+01
1.190380761523046083e+01 1.049517927170351328e+01 1.036433938392007015e+01 1.055213910653401932e+01
1.191382765531062127e+01 1.050273203706041869e+01 1.037597378923052105e+01 1.055719596840323327e+01
1.192384769539078171e+01 1.051014250953033802e+01 1.038779688245097077e+01 1.056214076488117470e+01
1.193386773547094215e+01 1.051741607265155842e+01 1.039729772326614032e+01 1.056728455877791006e+01
1.194388777555110259e+01 1.052455798932682640e+01 1.040693854811522456e+01 1.057231922088092091e+01
1.195390781563126303e+01 1.053157339688702621e+01 1.041668893394316520e+01 1.057734986654430287e+01
1.196392785571142348e+01 1.053846730301042989e+01 1.042564543464304982e+01 1.058227384188275266e+01
1.197394789579158214e+01 1.054524458244650020e+01 1.043462940834119124e+01 1.058723143399374322e+01
1.198396793587174258e+01 1.055190997449198953e+01 1.044381288167851096e+01 1.059200214536876494e+01
1.199398797595190302e+01 1.055846808116648283e+01 1.045299605052024994e+01 1.059688938450732110e+01
1.200400801603206347e+01 1.056492336603460380e+01 1.046185585346462155e+01 1.060169072835922499e+01
1.201402805611222391e+01 1.057128015362262374e+01 1.047038822755160581e+01 1.060654906744825787e+01
1.202404809619238435e+01 1.057754262937827683e+01 1.047925482185714152e+01 1.061181547439359107e+01
1.203406813627254479e+01 1.058371484012395669e+01 1.048775215526428717e+01 1.061669661199973191e+01
1.204408817635270523e+01 1.058980069495520837e+01 1.049664686536720204e+01 1.062155827350626680e+01
1.205410821643286567e+01 1.059580396653838896e+01 1.050447010862152553e+01 1.062630984078160523e+01
1.206412825651302612e+01 1.060172829276348772e+01 1.051307906316595009e+01 1.063116504322477063e+01
1.207414829659318656e+01 1.060757717871048555e+01 1.052105387110418278e+01 1.063617228982028706e+01
1.208416833667334700e+01 1.061335399888991837e+01 1.052925075663633869e+01 1.064095838577917164e+01
1.209418837675350744e+01 1.061906199972084863e+01 1.053767163714235089e+01 1.064585830563169289e+01
1.210420841683366788e+01 1.062470430221185502e+01 1.054503998347914440e+01 1.065065325559267073e+01
1.211422845691382832e+01 1.063028390481316521e+01 1.055260341076270336e+01 1.065541380094884616e+01
1.212424849699398877e+01 1.063580368641040153e+01 1.056037630752552126e+01 1.066013793653831065e+01
1.213426853707414921e+01 1.064126640943288393e+01 1.056805265873356170e+01 1.066486517001415812e+01
1.214428857715430787e+01 1.064667472305160700e+01 1.057552839391741273e+01 1.066963076222382689e+01
1.215430861723446831e+01 1.065203116644432235e+01 1.058319836629849675e+01 1.067439034320029911e+01
1.216432865731462876e+01 1.065733817210717760e+01 1.059058401337252420e+01 1.067915068027098080e+01
1.217434869739478920e+01 1.066259806919445019e+01 1.059830718756786538e+01 1.068390177275120934e+01
1.218436873747494964e+01 1.066781308686972807e+01 1.060562829142750374e+01 1.068864421424751576e+01
1.219438877755511008e+01 1.067298535765373302e+01 1.061265851311753217e+01 1.069349865627301810e+01
1.220440881763527052e+01 1.067811692075562213e+01 1.061934816844883223e+01 1.069838604110690561e+01
1.221442885771543096e+01 1.068320972537616598e+01 1.062620047963001646e+01 1.070347915228201074e+01
1.222444889779559141e+01 1.068826563397261609e+01 1.063271165905393545e+01 1.070808539734851195e+01
1.223446893787575185e+01 1.069328642547648478e+01 1.063910210957131675e+01 1.071270694638431742e+01
1.224448897795591229e+01 1.069827379845657234e+01 1.064561707206432217e+01 1.071726228664415359e+01
1.225450901803607096e+01 1.070322937422081466e+01 1.065231363067840853e+01 1.072196578903156983e+01
1.226452905811623140e+01 1.070815469985148383e+01 1.065899891560409962e+01 1.072653851352368903e+01
1.227454909819639184e+01 1.071305125116920465e+01 1.066529233559410272e+01 1.073113290305686895e+01
1.228456913827655228e+01 1.071792043562218666e+01 1.067138525012161843e+01 1.073575051355262744e+01
1.229458917835671272e+01 1.072276359509769605e+01 1.067739143562917903e+01 1.074037637937329137e+01
1.230460921843687316e+01 1.072758200865360934e+01 1.068354036510167049e+01 1.074504965825350489e+01
1.231462925851703361e+01 1.073237689516844640e+01 1.068966188037269305e+01 1.074971929678245175e+01
1.232464929859719405e+01 1.073714941590882077e+01 1.069549364040384987e+01 1.075436649319530069e+01
1.233466933867735449e+01 1.074190067701378304e+01 1.070125550186190999e+01 1.075901585095151347e+01
1.234468937875751493e+01 1.074663173189591525e+01 1.070715563656768587e+01 1.076361211737978962e+01
1.235470941883767537e+01 1.075134358355943398e+01 1.071312841829810658e+01 1.076811921115113968e+01
1.236472945891783581e+01 1.075603718683591481e+01 1.071883060596141668e+01 1.077278462709186257e+01
1.237474949899799626e+01 1.076071345053849093e+01 1.072461397059982247e+01 1.077728259328983818e+01
1.238476953907815670e+01 1.076537323953565028e+01 1.073044547301482865e+01 1.078184297858589957e+01
1.239478957915831714e+01 1.077001737674599902e+01 1.073607036724054353e+01 1.078633237619659901e+01
1.240480961923847758e+01 1.077464664505546210e+01 1.074142568164490719e+01 1.079086761370954584e+01
1.241482965931863802e+01 1.077926178915863176e+01 1.074701614675325345e+01 1.079542864255112988e+01
1.242484969939879846e+01 1.078386351732600446e+01 1.075256563720502889e+01 1.080009793748419789e+01
1.243486973947895891e+01 1.078845250309904102e+01 1.075801426226039226e+01 1.080461494221207985e+01
1.244488977955911757e+01 1.079302938691496294e+01 1.076320657074941245e+01 1.080913701496343826e+01
1.245490981963927801e+01 1.079759477766336317e+01 1.076845402134811636e+01 1.081368666771545684e+01
1.246492985971943845e+01 1.080214925417662819e+01 1.077367335609209142e+01 1.081820752323302415e+01
1.247494989979959890e+01 1.080669336665632940e+01 1.077870553894374517e+01 1.082273367946110376e+01
1.248496993987975934e+01 1.081122763803763931e+01 1.078387773662711702e+01 1.082730859579640814e+01
1.249498997995991978e+01 1.081575256529389861e+01 1.078903916530023288e+01 1.083184862818266403e+01
1.250501002004008022e+01 1.082026862068343043e+01 1.079411316587389358e+01 1.083630152818855308e+01
1.251503006012024066e+01 1.082477625294068169e+01 1.079919957758533222e+01 1.084075096519203996e+01
1.252505010020040110e+01 1.082927588841374877e+01 1.080430379056108059e+01 1.084523151906496885e+01
1.253507014028056155e+01 1.083376793215031952e+01 1.080949831733381394e+01 1.084972004296891157e+01
1.254509018036072199e+01 1.083825276893401579e+01 1.081443634827133060e+01 1.085416462697249074e+01
1.255511022044088065e+01 1.084273076427309945e+01 1.081927669241301260e+01 1.085855907139460363e+01
1.256513026052104109e+01 1.084720226534344256e+01 1.082415048385036549e+01 1.086308442423287701e+01
1.257515030060120154e+01 1.085166760188762503e+01 1.082899820775891087e+01 1.086761070470927670e+01
1.258517034068136198e+01 1.085612708707196994e+01 1.083380721383116096e+01 1.087210143988090572e+01
1.259519038076152242e+01 1.086058101830329115e+01 1.083864797352280362e+01 1.087668678755242979e+01
1.260521042084168286e+01 1.086502967800703701e+01 1.084347874454118887e+01 1.088115320342718739e+01
1.261523046092184330e+01 1.086947333436851792e+01 1.084831730083955037e+01 1.088564806577238642e+01
1.262525050100200374e+01 1.087391224203879503e+01 1.085287637831842211e+01 1.089019898700158961e+01
1.263527054108216419e+01 1.087834664280678076e+01 1.085768055091799766e+01 1.089470512657481471e+01
1.264529058116232463e+01 1.088277676623907730e+01 1.086236183364575503e+01 1.089917681197735710e+01
1.265531062124248507e+01 1.088720283028894009e+01 1.086701809524681828e+01 1.090354373207441796e+01
1.266533066132264551e+01 1.089162504187580360e+01 1.087163869676198047e+01 1.090798654033549653e+01
1.267535070140280595e+01 1.089604359743667494e+01 1.087620815130459206e+01 1.091249203563913994e+01
1.268537074148296639e+01 1.090045868345070268e+01 1.088078091256197233e+01 1.091694183877714153e+01
1.269539078156312684e+01 1.090487047693812528e+01 1.088539428737898795e+01 1.092141176741071007e+01
1.270541082164328728e+01 1.090927914593481951e+01 1.088992188123985194e+01 1.092593479912295251e+01
1.271543086172344772e+01 1.091368484994354660e+01 1.089466434525757244e+01 1.093047802917406131e+01
1.272545090180360816e+01 1.091808774036302943e+01 1.089909536074859098e+01 1.093492349746204972e+01
1.273547094188376683e+01 1.092248796089585383e+01 1.090367712488665219e+01 1.093940602235872994e+01
1.274549098196392727e+01 1.092688564793625083e+01 1.090823054006290072e+01 1.094382152309861667e+01
1.275551102204408771e+01 1.093128093093865694e+01 1.091280280628260790e+01 1.094832422740213751e+01
1.276553106212424815e+01 1.093567393276802413e+01 1.091728820178816051e+01 1.095281654042174146e+01
1.277555110220440859e+01 1.094006477003270206e+01 1.092173207346460906e+01 1.095729414709565397e+01
1.278557114228456904e+01 1.094445355340078052e+01 1.092619228892153949e+01 1.096175025770151024e+01
1.279559118236472948e+01 1.094884038790064906e+01 1.093060443113273550e+01 1.096623392135609443e+01
1.280561122244488992e+01 1.095322537320655520e+01 1.093506864507683396e+01 1.097070399008874375e+01
1.281563126252505036e+01 1.095760860390988611e+01 1.093949617504029526e+01 1.097520529268230405e+01
1.282565130260521080e+01 1.096199016977688601e+01 1.094393032586654080e+01 1.097968453738410588e+01
1.283567134268537124e+01 1.096637015599343457e+01 1.094830095130382475e+01 1.098400664115829883e+01
1.284569138276552991e+01 1.097074864339755607e+01 1.095282760906499142e+01 1.098849521252515160e+01
1.285571142284569035e+01 1.097512570870024007e+01 1.095723997511485948e+01 1.099290558894473513e+01
1.286573146292585079e+01 1.097950142469515988e+01 1.096165800466190809e+01 1.099737796468772011e+01
1.287575150300601123e+01 1.098387586045783415e+01 1.096598842829792986e+01 1.100182734818013053e+01
1.288577154308617168e+01 1.098824908153473778e+01 1.097041858726229613e+01 1.100618441576683004e+01
1.289579158316633212e+01 1.099262115012289698e+01 1.097473157231868868e+01 1.101062338724751299e+01
1.290581162324649256e+01 1.099699212524039105e+01 1.097916960675965825e+01 1.101508429639784836e+01
1.291583166332665300e+01 1.100136206288825491e+01 1.098360712106197390e+01 1.101965730814803912e+01
1.292585170340681344e+01 1.100573101620419791e+01 1.098799114981363267e+01 1.102420540591716325e+01
1.293587174348697388e+01 1.101009903560851910e+01 1.099229113296834015e+01 1.102863592211218347e+01
1.294589178356713433e+01 1.101446616894266839e+01 1.099662014460558801e+01 1.103308288891681421e+01
1.295591182364729477e+01 1.101883246160074847e+01 1.100089026769200018e+01 1.103752985567303746e+01
1.296593186372745521e+01 1.102319795665437852e+01 1.100518213751592711e+01 1.104197682238567069e+01
1.297595190380761565e+01 1.102756269497120734e+01 1.100951495342519237e+01 1.104643896095770828e+01
1.298597194388777609e+01 1.103192671532741009e+01 1.101384151535553713e+01 1.105087075569710109e+01
1.299599198396793653e+01 1.103629005451447398e+01 1.101809994521920544e+01 1.105532171738324188e+01
1.300601202404809698e+01 1.104065274744055536e+01 1.102244334773577172e+01 1.105978654727579880e+01
1.301603206412825742e+01 1.104501482722668548e+01 1.102667873493243178e+01 1.106426833364886875e+01
1.302605210420841608e+01 1.104937632529807701e+01 1.103091209187328303e+01 1.106865862196119643e+01
1.303607214428857652e+01 1.105373727147078711e+01 1.103514949533997047e+01 1.107315561595645903e+01
1.304609218436873697e+01 1.105809769403397524e+01 1.103940288207659570e+01 1.107754696960579288e+01
1.305611222444889741e+01 1.106245761982794740e+01 1.104378047818513231e+01 1.108196062805100013e+01
1.306613226452905785e+01 1.106681707431825856e+01 1.104811282856789489e+01 1.108644830764056444e+01
1.307615230460921829e+01 1.107117608166600498e+01 1.105241368834312610e+01 1.109088054946582069e+01
1.308617234468937873e+01 1.107553466479455651e+01 1.105669233972294307e+01 1.109533250013495476e+01
1.309619238476953917e+01 1.107989284545287312e+01 1.106092525356821632e+01 1.109974406148724135e+01
1.310621242484969962e+01 1.108425064427558837e+01 1.106518815269322609e+01 1.110415320216540280e+01
1.311623246492986006e+01 1.108860808084003757e+01 1.106950680654442465e+01 1.110855619591214527e+01
1.312625250501002050e+01 1.109296517372037272e+01 1.107366972248314951e+01 1.111301056355559780e+01
1.313627254509017916e+01 1.109732194053890098e+01 1.107784476845507982e+01 1.111744929963777295e+01
1.314629258517033961e+01 1.110167839801481371e+01 1.108201034723497358e+01 1.112199063857770298e+01
1.315631262525050005e+01 1.110603456201043038e+01 1.108629978513913095e+01 1.112658358466444142e+01
1.316633266533066049e+01 1.111039044757506211e+01 1.109057967190494942e+01 1.113117652707514438e+01
1.317635270541082093e+01 1.111474606898665130e+01 1.109485386737422452e+01 1.113571459049783385e+01
1.318637274549098137e+01 1.111910143979127241e+01 1.109891307956483431e+01 1.114016174151452176e+01
1.319639278557114181e+01 1.112345657284061318e+01 1.110302580529559968e+01 1.114457627429271369e+01
1.320641282565130226e+01 1.112781148032754963e+01 1.110736674757608000e+01 1.114902813685833571e+01
1.321643286573146270e+01 1.113216617381988627e+01 1.111167080573909161e+01 1.115349877989015503e+01
1.322645290581162314e+01 1.113652066429238019e+01 1.111586444022397124e+01 1.115794563908290371e+01
1.323647294589178358e+01 1.114087496215712925e+01 1.112015070398394201e+01 1.116238938100401867e+01
1.324649298597194402e+01 1.114522907729239520e+01 1.112433215480062287e+01 1.116679561752910210e+01
1.325651302605210446e+01 1.114958301906996141e+01 1.112841505844051682e+01 1.117124689492799483e+01
1.326653306613226491e+01 1.115393679638108537e+01 1.113254123814577135e+01 1.117566192679637460e+01
1.327655310621242535e+01 1.115829041766112084e+01 1.113674127784582879e+01 1.118004387659586740e+01
1.328657314629258579e+01 1.116264389091288756e+01 1.114090548003768788e+01 1.118444640333875206e+01
1.329659318637274623e+01 1.116699722372883663e+01 1.114505551596499267e+01 1.118888249314417038e+01
1.330661322645290667e+01 1.117135042331208616e+01 1.114932344439889533e+01 1.119334750124602884e+01
1.331663326653306534e+01 1.117570349649636974e+01 1.115351894648718378e+01 1.119777821180518451e+01
1.332665330661322578e+01 1.118005644976498481e+01 1.115771491419290484e+01 1.120216365288627891e+01
1.333667334669338622e+01 1.118440928926874278e+01 1.116182478970668157e+01 1.120654408089934151e+01
1.334669338677354666e+01 1.118876202084302207e+01 1.116603501457143466e+01 1.121098959614592161e+01
1.335671342685370711e+01 1.119311465002393291e+01 1.117015460669008142e+01 1.121542304263292777e+01
1.336673346693386755e+01 1.119746718206366687e+01 1.117436211664716694e+01 1.121991659661895469e+01
1.337675350701402799e+01 1.120181962194504699e+01 1.117849452747466721e+01 1.122435926907354542e+01
1.338677354709418843e+01 1.120617197439534252e+01 1.118265787900407204e+01 1.122888564509654152e+01
1.339679358717434887e+01 1.121052424389937130e+01 1.118687501347258539e+01 1.123336145052134327e+01
1.340681362725450931e+01 1.121487643471192719e+01 1.119102910397761086e+01 1.123774795548121475e+01
1.341683366733466976e+01 1.121922855086958215e+01 1.119512791395872853e+01 1.124220174041493436e+01
1.342685370741482842e+01 1.122358059620186665e+01 1.119912137959491893e+01 1.124664211395118762e+01
1.343687374749498886e+01 1.122793257434190117e+01 1.120317376364902451e+01 1.125105443139969985e+01
1.344689378757514930e+01 1.123228448873644680e+01 1.120727194231372437e+01 1.125548186079821811e+01
1.345691382765530975e+01 1.123663634265548161e+01 1.121150476825543940e+01 1.125995017189966774e+01
1.346693386773547019e+01 1.124098813920125650e+01 1.121555877489118025e+01 1.126445245098249259e+01
1.347695390781563063e+01 1.124533988131689455e+01 1.121968790663379067e+01 1.126890448891393781e+01
1.348697394789579107e+01 1.124969157179456403e+01 1.122376443055388862e+01 1.127337509261757909e+01
1.349699398797595151e+01 1.125404321328320378e+01 1.122779530101127143e+01 1.127783418322143838e+01
1.350701402805611195e+01 1.125839480829588091e+01 1.123190127815777828e+01 1.128224783315532420e+01
1.351703406813627240e+01 1.126274635921675582e+01 1.123608381723641614e+01 1.128676861037629386e+01
1.352705410821643284e+01 1.126709786830769033e+01 1.124026614897253573e+01 1.129123742861077773e+01
1.353707414829659328e+01 1.127144933771452529e+01 1.124447700518312487e+01 1.129578661510776882e+01
1.354709418837675372e+01 1.127580076947302778e+01 1.124871373905295968e+01 1.130022539299593376e+01
1.355711422845691416e+01 1.128015216551453648e+01 1.125294597658371210e+01 1.130466494757049567e+01
1.356713426853707460e+01 1.128450352767132259e+01 1.125708428078852563e+01 1.130912343697658073e+01
1.357715430861723505e+01 1.128885485768166141e+01 1.126120853142824529e+01 1.131355087870048060e+01
1.358717434869739549e+01 1.129320615719466403e+01 1.126535632631595263e+01 1.131795393067406508e+01
1.359719438877755593e+01 1.129755742777484606e+01 1.126953746753338592e+01 1.132235698146712544e+01
1.360721442885771637e+01 1.130190867090646734e+01 1.127370190428100827e+01 1.132676003116266550e+01
1.361723446893787504e+01 1.130625988799764414e+01 1.127781825594610154e+01 1.133116307983785020e+01
1.362725450901803548e+01 1.131061108038426610e+01 1.128193285521227729e+01 1.133556612756442483e+01
1.363727454909819592e+01 1.131496224933368566e+01 1.128605878514023964e+01 1.133998069430327682e+01
1.364729458917835636e+01 1.131931339604824949e+01 1.129025993316182408e+01 1.134440978402857958e+01
1.365731462925851680e+01 1.132366452166862025e+01 1.129429903457329765e+01 1.134889617957541041e+01
1.366733466933867724e+01 1.132801562727694744e+01 1.129850522613725339e+01 1.135327245388852724e+01
1.367735470941883769e+01 1.133236671389986583e+01 1.130271810961900236e+01 1.135774775674650527e+01
1.368737474949899813e+01 1.133671778251134654e+01 1.130678970769869807e+01 1.136221579040549656e+01
1.369739478957915857e+01 1.134106883403539356e+01 1.131089997027240734e+01 1.136666550652320673e+01
1.370741482965931901e+01 1.134541986934861590e+01 1.131495600320333494e+01 1.137113286399149814e+01
1.371743486973947945e+01 1.134977088928264521e+01 1.131906316874325391e+01 1.137556201948610024e+01
1.372745490981963812e+01 1.135412189462645216e+01 1.132328682951203369e+01 1.137995305569424609e+01
1.373747494989979856e+01 1.135847288612853845e+01 1.132750748734925139e+01 1.138439323246850066e+01
1.374749498997995900e+01 1.136282386449900272e+01 1.133154770944858392e+01 1.138884019878703668e+01
1.375751503006011944e+01 1.136717483041151411e+01 1.133557443713514878e+01 1.139327855367302611e+01
1.376753507014027988e+01 1.137152578450518803e+01 1.133968576300962461e+01 1.139773413142407676e+01
1.377755511022044033e+01 1.137587672738634659e+01 1.134362594270427671e+01 1.140218109774258259e+01
1.378757515030060077e+01 1.138022765963020966e+01 1.134765075804557810e+01 1.140662806406107954e+01
1.379759519038076121e+01 1.138457858178249005e+01 1.135168058324594753e+01 1.141106835578629486e+01
1.380761523046092165e+01 1.138892949436090163e+01 1.135574422265429995e+01 1.141552199669805567e+01
1.381763527054108209e+01 1.139328039785660174e+01 1.135984793486176514e+01 1.141996896301653308e+01
1.382765531062124253e+01 1.139763129273555009e+01 1.136399715122594500e+01 1.142445502441893979e+01
1.383767535070140298e+01 1.140198217943979841e+01 1.136815745840400105e+01 1.142890058255758134e+01
1.384769539078156342e+01 1.140633305838872857e+01 1.137221939784326175e+01 1.143337945576634418e+01
1.385771543086172386e+01 1.141068392998019831e+01 1.137616775849835982e+01 1.143784169303629383e+01
1.386773547094188430e+01 1.141503479459166392e+01 1.138017525410833919e+01 1.144230391590593321e+01
1.387775551102204474e+01 1.141938565258121052e+01 1.138432936898520609e+01 1.144675989608659528e+01
1.388777555110220518e+01 1.142373650428855747e+01 1.138850478944268296e+01 1.145118273938375175e+01
1.389779559118236563e+01 1.142808735003599274e+01 1.139266708792428595e+01 1.145562328162101906e+01
1.390781563126252429e+01 1.143243819012927176e+01 1.139672612290579323e+01 1.146008716815459216e+01
1.391783567134268473e+01 1.143678902485846471e+01 1.140086688074343790e+01 1.146453663323049454e+01
1.392785571142284518e+01 1.144113985449876125e+01 1.140500700095373077e+01 1.146903322970157113e+01
1.393787575150300562e+01 1.144549067931123254e+01 1.140914512297558581e+01 1.147350463103747842e+01
1.394789579158316606e+01 1.144984149954355601e+01 1.141322157033183693e+01 1.147799732546849860e+01
1.395791583166332650e+01 1.145419231543070282e+01 1.141738036770379949e+01 1.148244440439768965e+01
1.396793587174348694e+01 1.145854312719558799e+01 1.142145652677359280e+01 1.148686405260323973e+01
1.397795591182364738e+01 1.146289393504969567e+01 1.142564763779008530e+01 1.149132015020757436e+01
1.398797595190380783e+01 1.146724473919365650e+01 1.142974859948573219e+01 1.149581742901006542e+01
1.399799599198396827e+01 1.147159553981780888e+01 1.143385781336408158e+01 1.150030828378073089e+01
1.400801603206412693e+01 1.147594633710272660e+01 1.143797525769564238e+01 1.150477503598649420e+01
1.401803607214428737e+01 1.148029713121972151e+01 1.144210593739085446e+01 1.150923725310983414e+01
1.402805611222444782e+01 1.148464792233131249e+01 1.144628517300870740e+01 1.151369948170308888e+01
1.403807615230460826e+01 1.148899871059168554e+01 1.145035987408590294e+01 1.151811897183486622e+01
1.404809619238476870e+01 1.149334949614711476e+01 1.145443512378983542e+01 1.152262392741831576e+01
1.405811623246492914e+01 1.149770027913636739e+01 1.145856212917170147e+01 1.152708615027548333e+01
1.406813627254508958e+01 1.150205105969109809e+01 1.146257012327680513e+01 1.153154837313238090e+01
1.407815631262525002e+01 1.150640183793620075e+01 1.146672207569954338e+01 1.153596826321559377e+01
1.408817635270541047e+01 1.151075261399016725e+01 1.147087401096459480e+01 1.154047281884545306e+01
1.409819639278557091e+01 1.151510338796540367e+01 1.147492784883911021e+01 1.154493504170166496e+01
1.410821643286573135e+01 1.151945415996855715e+01 1.147895948236322639e+01 1.154939726455767968e+01
1.411823647294589179e+01 1.152380493010080009e+01 1.148313255793016019e+01 1.155385948741351676e+01
1.412825651302605223e+01 1.152815569845811439e+01 1.148729105114493265e+01 1.155832171026918864e+01
1.413827655310621267e+01 1.153250646513155786e+01 1.149146542131239457e+01 1.156278393312470598e+01
1.414829659318637312e+01 1.153685723020751475e+01 1.149568629005026033e+01 1.156726603452726110e+01
1.415831663326653356e+01 1.154120799376794437e+01 1.149968818633414003e+01 1.157174719649534822e+01
1.416833667334669400e+01 1.154555875589059255e+01 1.150382537435746322e+01 1.157621473858675820e+01
1.417835671342685444e+01 1.154990951664922427e+01 1.150799462840049614e+01 1.158066816049267977e+01
1.418837675350701488e+01 1.155426027611381556e+01 1.151209588365637160e+01 1.158512947911836477e+01
1.419839679358717532e+01 1.155861103435075421e+01 1.151621753889116562e+01 1.158964681753944959e+01
1.420841683366733577e+01 1.156296179142302094e+01 1.152034163648961496e+01 1.159411460449922338e+01
1.421843687374749443e+01 1.156731254739036530e+01 1.152449532912705799e+01 1.159861534496617352e+01
1.422845691382765487e+01 1.157166330230947437e+01 1.152864901316516821e+01 1.160308339972225156e+01
1.423847695390781531e+01 1.157601405623412560e+01 1.153280268901991157e+01 1.160754862072213278e+01
1.424849699398797576e+01 1.158036480921533595e+01 1.153695635708713318e+01 1.161207987875448744e+01
1.425851703406813620e+01 1.158471556130150759e+01 1.154107529061127835e+01 1.161654378580135116e+01
1.426853707414829664e+01 1.158906631253855579e+01 1.154508133246052637e+01 1.162096400668034413e+01
1.427855711422845708e+01 1.159341706297004393e+01 1.154908698697593827e+01 1.162547380113047346e+01
1.428857715430861575e+01 1.159776781263729895e+01 1.155309226494013330e+01 1.162997522143792217e+01
1.429859719438877619e+01 1.160211856157952859e+01 1.155705421990656667e+01 1.163447639054788141e+01
1.430861723446893663e+01 1.160646930983392799e+01 1.156103373401250067e+01 1.163896360461242629e+01
1.431863727454909707e+01 1.161082005743578449e+01 1.156510594290816840e+01 1.164344514787090468e+01
1.432865731462925751e+01 1.161517080441857530e+01 1.156910981662601579e+01 1.164795160905692306e+01
1.433867735470941795e+01 1.161952155081405991e+01 1.157311336337511953e+01 1.165246590581421771e+01
1.434869739478957840e+01 1.162387229665236887e+01 1.157716839347563997e+01 1.165693875277350777e+01
1.435871743486973884e+01 1.162822304196208734e+01 1.158121440454362094e+01 1.166143749051084022e+01
1.436873747494989928e+01 1.163257378677033138e+01 1.158530093970308172e+01 1.166590304807485268e+01
1.437875751503005972e+01 1.163692453110282798e+01 1.158929630513080156e+01 1.167039559351053235e+01
1.438877755511022016e+01 1.164127527498398607e+01 1.159331343762425526e+01 1.167487261769437090e+01
1.439879759519038060e+01 1.164562601843696044e+01 1.159739372916123479e+01 1.167939496122894028e+01
1.440881763527054105e+01 1.164997676148371575e+01 1.160143136524553675e+01 1.168391730453235411e+01
1.441883767535070149e+01 1.165432750414509400e+01 1.160555545631758001e+01 1.168843964761676091e+01
1.442885771543086193e+01 1.165867824644086426e+01 1.160956368465482846e+01 1.169294739201002464e+01
1.443887775551102237e+01 1.166302898838978486e+01 1.161352917256168027e+01 1.169739442882144687e+01
1.444889779559118281e+01 1.166737973000964779e+01 1.161749624180904128e+01 1.170184146558147376e+01
1.445891783567134325e+01 1.167173047131733732e+01 1.162161002615193794e+01 1.170628850229294926e+01
1.446893787575150370e+01 1.167608121232886731e+01 1.162576643055075465e+01 1.171073553895855746e+01
1.447895791583166414e+01 1.168043195305943271e+01 1.162987003929610808e+01 1.171519333988242728e+01
1.448897795591182458e+01 1.168478269352344512e+01 1.163405021467231037e+01 1.171964018102699079e+01
1.449899799599198502e+01 1.168913343373458247e+01 1.163813485504235601e+01 1.172407664870486244e+01
1.450901803607214369e+01 1.169348417370581394e+01 1.164220686164508756e+01 1.172852368521101063e+01
1.451903807615230413e+01 1.169783491344945148e+01 1.164624167290411449e+01 1.173297072168265309e+01
1.452905811623246457e+01 1.170218565297716928e+01 1.165023529617243092e+01 1.173741775812169763e+01
1.453907815631262501e+01 1.170653639230004472e+01 1.165427620885414939e+01 1.174186479452994369e+01
1.454909819639278545e+01 1.171088713142858495e+01 1.165840600535832472e+01 1.174633315974174863e+01
1.455911823647294590e+01 1.171523787037276421e+01 1.166254824566541437e+01 1.175079461462274821e+01
1.456913827655310634e+01 1.171958860914203626e+01 1.166647926249341438e+01 1.175526329543459880e+01
1.457915831663326678e+01 1.172393934774537705e+01 1.167047187139621300e+01 1.175976326417070617e+01
1.458917835671342544e+01 1.172829008619129709e+01 1.167451430799305889e+01 1.176423279583161019e+01
1.459919839679358589e+01 1.173264082448787349e+01 1.167841283805717545e+01 1.176866212879673057e+01
1.460921843687374633e+01 1.173699156264276944e+01 1.168253768497197953e+01 1.177319839440829874e+01
1.461923847695390677e+01 1.174134230066325202e+01 1.168662949241892512e+01 1.177771948627223431e+01
1.462925851703406721e+01 1.174569303855621705e+01 1.169062193322892895e+01 1.178213254057965109e+01
1.463927855711422765e+01 1.175004377632820685e+01 1.169485996054367050e+01 1.178659361973787867e+01
1.464929859719438809e+01 1.175439451398542801e+01 1.169899064170160763e+01 1.179108033283223911e+01
1.465931863727454854e+01 1.175874525153376737e+01 1.170305211809537660e+01 1.179562069085531206e+01
1.466933867735470898e+01 1.176309598897881159e+01 1.170721460210230624e+01 1.180016104887833350e+01
1.467935871743486942e+01 1.176744672632585775e+01 1.171113371858205632e+01 1.180463835985150922e+01
1.468937875751502986e+01 1.177179746357993828e+01 1.171529224537476921e+01 1.180910566924726801e+01
1.469939879759519030e+01 1.177614820074581914e+01 1.171935024143208537e+01 1.181356113865489732e+01
1.470941883767535074e+01 1.178049893782802471e+01 1.172341494238714965e+01 1.181804286413868610e+01
1.471943887775551119e+01 1.178484967483084844e+01 1.172767713692956448e+01 1.182259431611259082e+01
1.472945891783567163e+01 1.178920041175836531e+01 1.173175046325611959e+01 1.182709352578482509e+01
1.473947895791583207e+01 1.179355114861443532e+01 1.173582377762289752e+01 1.183156682593060260e+01
1.474949899799599251e+01 1.179790188540272489e+01 1.173988957757090468e+01 1.183598413851407294e+01
1.475951903807615295e+01 1.180225262212671211e+01 1.174397598243146490e+01 1.184052355380274690e+01
1.476953907815631339e+01 1.180660335878969569e+01 1.174806245365105006e+01 1.184503462404224727e+01
1.477955911823647384e+01 1.181095409539480379e+01 1.175212375447314095e+01 1.184946936923862637e+01
1.478957915831663428e+01 1.181530483194500647e+01 1.175614669380237309e+01 1.185398877321080846e+01
1.479959919839679472e+01 1.181965556844312282e+01 1.176026343490277171e+01 1.185836441239938033e+01
1.480961923847695338e+01 1.182400630489182092e+01 1.176433667638688974e+01 1.186289809513589155e+01
1.481963927855711383e+01 1.182835704129363918e+01 1.176837696002898603e+01 1.186741163438422575e+01
1.482965931863727427e+01 1.183270777765098103e+01 1.177242354472520169e+01 1.187194409191516087e+01
1.483967935871743471e+01 1.183705851396612907e+01 1.177649345269620973e+01 1.187646985670291855e+01
1.484969939879759515e+01 1.184140925024124691e+01 1.178060513778532048e+01 1.188099950570502905e+01
1.485971943887775559e+01 1.184575998647838979e+01 1.178459218320262991e+01 1.188540084084245940e+01
1.486973947895791603e+01 1.185011072267950460e+01 1.178870853376387728e+01 1.188989237326108217e+01
1.487975951903807470e+01 1.185446145884643876e+01 1.179283679810998997e+01 1.189440196056917998e+01
1.488977955911823514e+01 1.185881219498094907e+01 1.179687539844103306e+01 1.189891566457042593e+01
1.489979959919839558e+01 1.186316293108469644e+01 1.180091158336542989e+01 1.190342731017394584e+01
1.490981963927855602e+01 1.186751366715926004e+01 1.180490951854492288e+01 1.190791615708812579e+01
1.491983967935871647e+01 1.187186440320613556e+01 1.180890266686827772e+01 1.191243291768254586e+01
1.492985971943887691e+01 1.187621513922674588e+01 1.181296291898762973e+01 1.191696224680100968e+01
1.493987975951903735e+01 1.188056587522243746e+01 1.181706824241554799e+01 1.192147389228752630e+01
1.494989979959919779e+01 1.188491661119448750e+01 1.182118902043130859e+01 1.192594929448619290e+01
1.495991983967935823e+01 1.188926734714411104e+01 1.182524917063769365e+01 1.193042976705614322e+01
1.496993987975951867e+01 1.189361808307245560e+01 1.182931904730465078e+01 1.193493277167763722e+01
1.497995991983967912e+01 1.189796881898061542e+01 1.183339032244759537e+01 1.193942027282940188e+01
1.498997995991983956e+01 1.190231955486962612e+01 1.183749900124258758e+01 1.194390465468670648e+01
1.500000000000000000e+01 1.190667029074046823e+01 1.184160767952161919e+01 1.194844296521982230e+01
