1.000000000000000000e+01 5.842900789446941801e+00 5.109144842449751422e+00 6.350404788691939473e+00
1.001002004008016044e+01 5.865678831937925608e+00 5.136364960228768872e+00 6.370251819216815825e+00
1.002004008016032088e+01 5.888456800909770195e+00 5.163585051610962928e+00 6.390098717300117137e+00
1.003006012024048133e+01 5.911234693056545808e+00 5.190805115151565730e+00 6.409945477792980739e+00
1.004008016032064177e+01 5.934012504923691367e+00 5.218025149326739331e+00 6.429792095346462233e+00
1.005010020040080221e+01 5.956790232901341575e+00 5.243584331405217291e+00 6.449638564403770147e+00
1.006012024048096265e+01 5.979567873217339624e+00 5.268664584764902514e+00 6.469484879192198612e+00
1.007014028056112309e+01 6.002345421929949687e+00 5.294255719749775047e+00 6.489462879930177230e+00
1.008016032064128176e+01 6.025122874920229243e+00 5.320858215797550805e+00 6.509736720228536555e+00
1.009018036072144220e+01 6.047900227884085211e+00 5.347460673512124174e+00 6.530610253384717012e+00
1.010020040080160264e+01 6.070677476323930399e+00 5.375338488275061444e+00 6.551483521984750702e+00
1.011022044088176308e+01 6.093454615540001562e+00 5.402632425310999409e+00 6.572356515427566492e+00
1.012024048096192352e+01 6.116231640621279553e+00 5.429725298248984977e+00 6.592479089096075384e+00
1.013026052104208397e+01 6.139008546435991143e+00 5.456336437951897267e+00 6.612484399619769526e+00
1.014028056112224441e+01 6.161785327621695174e+00 5.482692567815562690e+00 6.632489496753943392e+00
1.015030060120240485e+01 6.184561978574921071e+00 5.509031477610413674e+00 6.652494372193693550e+00
1.016032064128256529e+01 6.207338493440341942e+00 5.535315065663255041e+00 6.672499017311134040e+00
1.017034068136272573e+01 6.230114866099458304e+00 5.561598607026562391e+00 6.692503423142854402e+00
1.018036072144288617e+01 6.252891090158782639e+00 5.587882099224136923e+00 6.712507580376888328e+00
1.019038076152304662e+01 6.275667158937487500e+00 5.614165539648466208e+00 6.732511479339185811e+00
1.020040080160320706e+01 6.298443065454500278e+00 5.641144663093167644e+00 6.752515109979555064e+00
1.021042084168336750e+01 6.321218802415024207e+00 5.668126161675931307e+00 6.772631332808533244e+00
1.022044088176352616e+01 6.343994362196441195e+00 5.694608750588916912e+00 6.792521524124870425e+00
1.023046092184368661e+01 6.366769736833615134e+00 5.719692329069419934e+00 6.812524285514486522e+00
1.024048096192384705e+01 6.389544918003486451e+00 5.744775863481231148e+00 6.832526734319399608e+00
1.025050100200400749e+01 6.412319897009021830e+00 5.769859351554956994e+00 6.852528858378095222e+00
1.026052104208416793e+01 6.435094664762421424e+00 5.794942790904343610e+00 6.872530645056398768e+00
1.027054108216432837e+01 6.457869211767581774e+00 5.821075890499707306e+00 6.892532081229157725e+00
1.028056112224448881e+01 6.480643528101769135e+00 5.848106956029734960e+00 6.912533153261193775e+00
1.029058116232464926e+01 6.503417603396476565e+00 5.876115863975857501e+00 6.932856589764167410e+00
1.030060120240480970e+01 6.526191426817416819e+00 5.904491795840982604e+00 6.953193913140683691e+00
1.031062124248497014e+01 6.548964987043627062e+00 5.931878853874613888e+00 6.973530670806407983e+00
1.032064128256513058e+01 6.571738272245634782e+00 5.957661986982221158e+00 6.993866841057557515e+00
1.033066132264529102e+01 6.594511270062649366e+00 5.984632634941051244e+00 7.014202401359322714e+00
1.034068136272545146e+01 6.617283967578728721e+00 6.010824170242658582e+00 7.034537328314177884e+00
1.035070140280561191e+01 6.640056351297882742e+00 6.037015597543831547e+00 7.054871597628992852e+00
1.036072144288577235e+01 6.662828407118065677e+00 6.063206911088495410e+00 7.075205184080898491e+00
1.037074148296593101e+01 6.685600120304000527e+00 6.089398104813852797e+00 7.095538061481866166e+00
1.038076152304609145e+01 6.708371475458803523e+00 6.115589172334067847e+00 7.115870202641964681e+00
1.039078156312625190e+01 6.731142456494312754e+00 6.141780106923028448e+00 7.136201579331189038e+00
1.040080160320641234e+01 6.753913046600117376e+00 6.167970901496245162e+00 7.156532162239904515e+00
1.041082164328657278e+01 6.776683228211199506e+00 6.194161548591762489e+00 7.176861920937760431e+00
1.042084168336673322e+01 6.799452982974120374e+00 6.220352040350051404e+00 7.197190823831082440e+00
1.043086172344689366e+01 6.822222291711709019e+00 6.246542368492845831e+00 7.217518838118645697e+00
1.044088176352705410e+01 6.844991134386175347e+00 6.272732524300840495e+00 7.237845929745802209e+00
1.045090180360721455e+01 6.867759490060569405e+00 6.298922498590209251e+00 7.258172063356877146e+00
1.046092184368737499e+01 6.890527336858532692e+00 6.325112281687876425e+00 7.278497202245779008e+00
1.047094188376753543e+01 6.913294651922257117e+00 6.351301863405467429e+00 7.298821308304767719e+00
1.048096192384769587e+01 6.936061411368557472e+00 6.377491233011877370e+00 7.319144341971301593e+00
1.049098196392785631e+01 6.958827590243013894e+00 6.403680379204383044e+00 7.339466262172896549e+00
1.050100200400801675e+01 6.981593162472046643e+00 6.429869290078219279e+00 7.359787026269929200e+00
1.051102204408817542e+01 7.004358100812877908e+00 6.456057953094528123e+00 7.380106589996296762e+00
1.052104208416833586e+01 7.027122376801278492e+00 6.482925249167681869e+00 7.400424907397900931e+00
1.053106212424849630e+01 7.049885960696952836e+00 6.509122385726589854e+00 7.420741930768784300e+00
1.054108216432865675e+01 7.072648821426549048e+00 6.535319222503456871e+00 7.441057610584946858e+00
1.055110220440881719e+01 7.095410926524111872e+00 6.561896200424234493e+00 7.461371895435688906e+00
1.056112224448897763e+01 7.118172242068901312e+00 6.589166562383821812e+00 7.481684731952398693e+00
1.057114228456913807e+01 7.140932732620457912e+00 6.616098611265483598e+00 7.501996064734720804e+00
1.058116232464929851e+01 7.163692361150788557e+00 6.641693191644971073e+00 7.522305836273996960e+00
1.059118236472945895e+01 7.186451088973565327e+00 6.667287408276761695e+00 7.542613986873863752e+00
1.060120240480961940e+01 7.209208875670169547e+00 6.692881242355716687e+00 7.562920454567954920e+00
1.061122244488977984e+01 7.231965679012493098e+00 6.718753389705277357e+00 7.583225175034554510e+00
1.062124248496994028e+01 7.254721454882315790e+00 6.745923207858804282e+00 7.603528081508136083e+00
1.063126252505010072e+01 7.277476157187137140e+00 6.773202148910302256e+00 7.623829104687641411e+00
1.064128256513026116e+01 7.300229737772289340e+00 6.800261118136324612e+00 7.644128172641432961e+00
1.065130260521042160e+01 7.322982146329188424e+00 6.827429146376669422e+00 7.664425210708754932e+00
1.066132264529058205e+01 7.345733330299549557e+00 6.852543275174547865e+00 7.684720141397619386e+00
1.067134268537074071e+01 7.368483234775383472e+00 6.878252905948340157e+00 7.705012884278978014e+00
1.068136272545090115e+01 7.391231802394631956e+00 6.902956793478763231e+00 7.725303355877073841e+00
1.069138276553106159e+01 7.413978973232183023e+00 6.927589638612285938e+00 7.745591469555794362e+00
1.070140280561122204e+01 7.436724684686152997e+00 6.953572800144698363e+00 7.765877135400963027e+00
1.071142284569138248e+01 7.459468871359179687e+00 6.979752526306040927e+00 7.786160260098372810e+00
1.072144288577154292e+01 7.482211464934529488e+00 7.005931515421931266e+00 7.806440746807457032e+00
1.073146292585170336e+01 7.504952394046805253e+00 7.032109728254724246e+00 7.826718495030430489e+00
1.074148296593186380e+01 7.527691584147012449e+00 7.057699638071280646e+00 7.846993400476772962e+00
1.075150300601202424e+01 7.550428957361771332e+00 7.084358695489870961e+00 7.867265354922884590e+00
1.076152304609218469e+01 7.573164432346404240e+00 7.110639284719582065e+00 7.887534246066772781e+00
1.077154308617234513e+01 7.595897924131651990e+00 7.136813956630728484e+00 7.907799957377602773e+00
1.078156312625250557e+01 7.618629343963767120e+00 7.164333534592167041e+00 7.928062367939951116e+00
1.079158316633266601e+01 7.641358599137684671e+00 7.192332056779173755e+00 7.948321352292596842e+00
1.080160320641282468e+01 7.664085592823003168e+00 7.219579591490060011e+00 7.968576780261676262e+00
1.081162324649298512e+01 7.686810223882492465e+00 7.245683823668368717e+00 7.988828516788052170e+00
1.082164328657314556e+01 7.709532386682766969e+00 7.271786728982618797e+00 8.009076421748652308e+00
1.083166332665330600e+01 7.732251970896882654e+00 7.297366959562070932e+00 8.029320349771689180e+00
1.084168336673346644e+01 7.754968861298475957e+00 7.323966479835860355e+00 8.049437865566479999e+00
1.085170340681362688e+01 7.777682937547120368e+00 7.350536024770532251e+00 8.070591040013468387e+00
1.086172344689378733e+01 7.800394073964550756e+00 7.376183624215604695e+00 8.091032903441895741e+00
1.087174348697394777e+01 7.823102139301386870e+00 7.403947179345727214e+00 8.111263083433071230e+00
1.088176352705410821e+01 7.845806996493990937e+00 7.432457359921439632e+00 8.131169137890770671e+00
1.089178356713426865e+01 7.868508502411048156e+00 7.460568033846506353e+00 8.151222981999026729e+00
1.090180360721442909e+01 7.891206507589497932e+00 7.486089927718775350e+00 8.171769897382796799e+00
1.091182364729458953e+01 7.913900855959376202e+00 7.513722685133418011e+00 8.192311228536818035e+00
1.092184368737474998e+01 7.936591384557166506e+00 7.542734470021019710e+00 8.212620473768653895e+00
1.093186372745491042e+01 7.959277923227197071e+00 7.571687140314226738e+00 8.231504760851349189e+00
1.094188376753507086e+01 7.981960294310649573e+00 7.599178388892385172e+00 8.251693641890835096e+00
1.095190380761523130e+01 8.004638312321709748e+00 7.624397547274496034e+00 8.271876315625149800e+00
1.096192384769538997e+01 8.027311783610375784e+00 7.651236021986765223e+00 8.292052548481390062e+00
1.097194388777555041e+01 8.049980506011458203e+00 7.678475325634374293e+00 8.312222098295913852e+00
1.098196392785571085e+01 8.072644268479217899e+00 7.706269431574021667e+00 8.332384714013695515e+00
1.099198396793587129e+01 8.095302850707199127e+00 7.732327717709388537e+00 8.352540135378404784e+00
1.100200400801603173e+01 8.117956022732668586e+00 7.758145229124999709e+00 8.372688092612927235e+00
1.101202404809619217e+01 8.140603544525166768e+00 7.783922395797363336e+00 8.392828306090205359e+00
1.102204408817635262e+01 8.163245165558590699e+00 7.809696015747265463e+00 8.412960485994155135e+00
1.103206412825651306e+01 8.185880624366273395e+00 7.837442645571266908e+00 8.433084331970535530e+00
1.104208416833667350e+01 8.208509648078480936e+00 7.862422453563793212e+00 8.453199532767555979e+00
1.105210420841683394e+01 8.231131951941769387e+00 7.889748314447176725e+00 8.473305765866083306e+00
1.106212424849699438e+01 8.253747238819576282e+00 7.916886386233354500e+00 8.493402697099286414e+00
1.107214428857715482e+01 8.276355198673517322e+00 7.942105571935315744e+00 8.513489980261581991e+00
1.108216432865731527e+01 8.298955508024743466e+00 7.966446681402306496e+00 8.533567256706740878e+00
1.109218436873747393e+01 8.321547829394781104e+00 7.990784001748784782e+00 8.553634154935053857e+00
1.110220440881763437e+01 8.344131810725288645e+00 8.016127980843142709e+00 8.573690290169455608e+00
1.111222444889779482e+01 8.366707084776040304e+00 8.042928275330737620e+00 8.593735263920503797e+00
1.112224448897795526e+01 8.389273268500671676e+00 8.070354751537298199e+00 8.613923585182940101e+00
1.113226452905811570e+01 8.411829962399481886e+00 8.100392430650076747e+00 8.634213049909098103e+00
1.114228456913827614e+01 8.434376749848780719e+00 8.129443549875002617e+00 8.654270305399446528e+00
1.115230460921843658e+01 8.456913196406194544e+00 8.155353731450814436e+00 8.674316793434574180e+00
1.116232464929859702e+01 8.479438849091357255e+00 8.182605299987216085e+00 8.694396465951630404e+00
1.117234468937875747e+01 8.501953235641479978e+00 8.211437624603163954e+00 8.714761996059875671e+00
1.118236472945891791e+01 8.524455863741270178e+00 8.236678816686406890e+00 8.735638792032968780e+00
1.119238476953907835e+01 8.546946220226720570e+00 8.262672613551906409e+00 8.755638556297631325e+00
1.120240480961923879e+01 8.569423770262318385e+00 8.288693550370325624e+00 8.776382500504103845e+00
1.121242484969939923e+01 8.591887956491245149e+00 8.313691602720066243e+00 8.796429827634931087e+00
1.122244488977955967e+01 8.614338198158227655e+00 8.339605015668528409e+00 8.817125498158672414e+00
1.123246492985972012e+01 8.636773890204693771e+00 8.365100840437079910e+00 8.837952860394285182e+00
1.124248496993988056e+01 8.659194402335987917e+00 8.390790675829991940e+00 8.857126886689677292e+00
1.125250501002004100e+01 8.681599078060443730e+00 8.415510716272073921e+00 8.876933478896237517e+00
1.126252505010019966e+01 8.703987233700207327e+00 8.441547590322574735e+00 8.897461247141176699e+00
1.127254509018036011e+01 8.726358157373768520e+00 8.468258860451523873e+00 8.917895665085351808e+00
1.128256513026052055e+01 8.748711107950230215e+00 8.494149324582647154e+00 8.938209799364219776e+00
1.129258517034068099e+01 8.771045313975536217e+00 8.517855862558054270e+00 8.958996117674288939e+00
1.130260521042084143e+01 8.793359972570883087e+00 8.544716699572308727e+00 8.979191642277559282e+00
1.131262525050100187e+01 8.815654248303733453e+00 8.570584249645765595e+00 8.999266564728419127e+00
1.132264529058116231e+01 8.837927272031986803e+00 8.597111253632016670e+00 9.018827816420609267e+00
1.133266533066132276e+01 8.860178139721998747e+00 8.622833455992639173e+00 9.039589919306662225e+00
1.134268537074148320e+01 8.882405911241292529e+00 8.647996765227699001e+00 9.059704034033963183e+00
1.135270541082164364e+01 8.904609609127069447e+00 8.672954245134231854e+00 9.080642305088348465e+00
1.136272545090180408e+01 8.926788217331699471e+00 8.699367683031301368e+00 9.100361603271919009e+00
1.137274549098196452e+01 8.948940679946716159e+00 8.723701517160327157e+00 9.120438229763884408e+00
1.138276553106212496e+01 8.971065899906998098e+00 8.746764966091177484e+00 9.140343955552085120e+00
1.139278557114228363e+01 8.993162737677081964e+00 8.769812554105133273e+00 9.160351091612978891e+00
1.140280561122244407e+01 9.015230009921882726e+00 8.792843549542778803e+00 9.180712424118024018e+00
1.141282565130260451e+01 9.037266488164290124e+00 8.819152423302094590e+00 9.201040052119475732e+00
1.142284569138276495e+01 9.059270897432533332e+00 8.844631530812321785e+00 9.220700993755537311e+00
1.143286573146292540e+01 9.081241914900477497e+00 8.869122537178570909e+00 9.241885642661488376e+00
1.144288577154308584e+01 9.103178168524383551e+00 8.895268511504340836e+00 9.261987506755286148e+00
1.145290581162324628e+01 9.125078235680067706e+00 8.919313136360063510e+00 9.281624140721095984e+00
1.146292585170340672e+01 9.146940641804759409e+00 8.947636268563217143e+00 9.300151371682908064e+00
1.147294589178356716e+01 9.168763859048457476e+00 8.973531967002077891e+00 9.317915633907542627e+00
1.148296593186372760e+01 9.190546304939932298e+00 9.000123052185443839e+00 9.338090985909207831e+00
1.149298597194388805e+01 9.212286341073077978e+00 9.027403877238620922e+00 9.358383566809596488e+00
1.150300601202404849e+01 9.233982271819783705e+00 9.050770153016372888e+00 9.379127208083925638e+00
1.151302605210420893e+01 9.255632343075971491e+00 9.073668230647770727e+00 9.398445936922396271e+00
1.152304609218436937e+01 9.277234741048031808e+00 9.096728706226249628e+00 9.418416211437579122e+00
1.153306613226452981e+01 9.298787591087410931e+00 9.121439991553215165e+00 9.437604880117220318e+00
1.154308617234469025e+01 9.320288956581647355e+00 9.146496258404704705e+00 9.456739816674181398e+00
1.155310621242484892e+01 9.341736837910769253e+00 9.171179060203938249e+00 9.476512120610331991e+00
1.156312625250500936e+01 9.363129171478510315e+00 9.197028843291146671e+00 9.497023979818878914e+00
1.157314629258516980e+01 9.384463828828383924e+00 9.221191516276189049e+00 9.517289777120812033e+00
1.158316633266533024e+01 9.405738615855304019e+00 9.246059976316518103e+00 9.537037214626527870e+00
1.159318637274549069e+01 9.426951272123920589e+00 9.269834130406559680e+00 9.556968882332840920e+00
1.160320641282565113e+01 9.448099470305496794e+00 9.291347874375361471e+00 9.577073355954313527e+00
1.161322645290581157e+01 9.469180815745634305e+00 9.315867501171908316e+00 9.598616856327826241e+00
1.162324649298597201e+01 9.490192846175748542e+00 9.343941354443879632e+00 9.616909243736717627e+00
1.163326653306613245e+01 9.511133031581607611e+00 9.366913097908444286e+00 9.635649205693283648e+00
1.164328657314629289e+01 9.531998774242760319e+00 9.390005443823611131e+00 9.654440505730384814e+00
1.165330661322645334e+01 9.552787408957049919e+00 9.413539058380443691e+00 9.671988754415204781e+00
1.166332665330661378e+01 9.573496203464715748e+00 9.437984861316687457e+00 9.691047567004471119e+00
1.167334669338677422e+01 9.594122359086899365e+00 9.462011311493268906e+00 9.708868408234998526e+00
1.168336673346693289e+01 9.614663011593480135e+00 9.483970262745659241e+00 9.726609542104558415e+00
1.169338677354709333e+01 9.635115232315303757e+00 9.504515344252418174e+00 9.744268841965935124e+00
1.170340681362725377e+01 9.655476029515710934e+00 9.528117534945543809e+00 9.764738671894019006e+00
1.171342685370741421e+01 9.675742350036291128e+00 9.550605829609382980e+00 9.784003124030972387e+00
1.172344689378757465e+01 9.695911081231271211e+00 9.573175212513078236e+00 9.802865263589637834e+00
1.173346693386773509e+01 9.715979053204668148e+00 9.597425944678722232e+00 9.822242942107244801e+00
1.174348697394789554e+01 9.735943041363576356e+00 9.619819167652957859e+00 9.841052748188019450e+00
1.175350701402805598e+01 9.755799769300258717e+00 9.642094569345550426e+00 9.859328163775584741e+00
1.176352705410821642e+01 9.775545912014653283e+00 9.666106045294467819e+00 9.878893573204592826e+00
1.177354709418837686e+01 9.795178099487728218e+00 9.688787061638786113e+00 9.896225373932512781e+00
1.178356713426853730e+01 9.814692920614740856e+00 9.711308203030704078e+00 9.915118195926797995e+00
1.179358717434869774e+01 9.834086927505778064e+00 9.732735974819151537e+00 9.934001128330985253e+00
1.180360721442885819e+01 9.853356640159150359e+00 9.753993405383772242e+00 9.952795438723196497e+00
1.181362725450901863e+01 9.872498551511124987e+00 9.774115839696257524e+00 9.970688237917178398e+00
1.182364729458917907e+01 9.891509132863161469e+00 9.794279739845908495e+00 9.989418013942543695e+00
1.183366733466933951e+01 9.910384839685303149e+00 9.813502167787049757e+00 1.000674509894998110e+01
1.184368737474949818e+01 9.929122117791646218e+00 9.832505660319393215e+00 1.002450790971570882e+01
1.185370741482965862e+01 9.947717409880844741e+00 9.852499175610448745e+00 1.004219081531909730e+01
1.186372745490981906e+01 9.966167162431418092e+00 9.871856881479393664e+00 1.005937364877582674e+01
1.187374749498997950e+01 9.984467832938481280e+00 9.891676459350829731e+00 1.007746943040196896e+01
1.188376753507013994e+01 1.000261589747487889e+01 9.911641955994534570e+00 1.009419515126998412e+01
1.189378757515030038e+01 1.002060785855624658e+01 9.931170547380604674e+00 1.011372813580956276e+01
1.190380761523046083e+01 1.003844025328591094e+01 9.949907339574348697e+00 1.013121095698681273e+01
1.191382765531062127e+01 1.005610966175173182e+01 9.968527108988274321e+00 1.014760909954268797e+01
1.192384769539078171e+01 1.007361271564348826e+01 9.988214678859378637e+00 1.016370704538415914e+01
1.193386773547094215e+01 1.009094610705561657e+01 1.000719329875169450e+01 1.017879777407552133e+01
1.194388777555110259e+01 1.010810659743675721e+01 1.002595977810880434e+01 1.019451077438661990e+01
1.195390781563126303e+01 1.012509102664406058e+01 1.004436702475078036e+01 1.021049182044097670e+01
1.196392785571142348e+01 1.014189632205720848e+01 1.006300900827912415e+01 1.022534630957234647e+01
1.197394789579158214e+01 1.015851950770412238e+01 1.008108476102588824e+01 1.024186885124865931e+01
1.198396793587174258e+01 1.017495771334789367e+01 1.009922033116411022e+01 1.025760584583392543e+01
1.199398797595190302e+01 1.019120818348223345e+01 1.011777262679438394e+01 1.027289543517651360e+01
1.200400801603206347e+01 1.020726828618116144e+01 1.013531556884882079e+01 1.028783187036631297e+01
1.201402805611222391e+01 1.022313552174728635e+01 1.015233286864395268e+01 1.030315590564716288e+01
1.202404809619238435e+01 1.023880753110249664e+01 1.016900055050923513e+01 1.031736483530030668e+01
1.203406813627254479e+01 1.025428210386466255e+01 1.018613935365461387e+01 1.033105133173956425e+01
1.204408817635270523e+01 1.026955718605452184e+01 1.020206328574647259e+01 1.034523035370684418e+01
1.205410821643286567e+01 1.028463088737799680e+01 1.021785514321259924e+01 1.035953380098791854e+01
1.206412825651302612e+01 1.029950148803096077e+01 1.023453395148554002e+01 1.037357380432209375e+01
1.207414829659318656e+01 1.031416744497586535e+01 1.025015037791106742e+01 1.038735132741583378e+01
1.208416833667334700e+01 1.032862739764263971e+01 1.026598694750810736e+01 1.040074770378509506e+01
1.209418837675350744e+01 1.034288017300991491e+01 1.028166982388430561e+01 1.041373167470223038e+01
1.210420841683366788e+01 1.035692479002678645e+01 1.029706557200568717e+01 1.042712329880973599e+01
1.211422845691382832e+01 1.037076046334006918e+01 1.031274932917115272e+01 1.043986668402815532e+01
1.212424849699398877e+01 1.038438660629716814e+01 1.032763952742707581e+01 1.045235694918544844e+01
1.213426853707414921e+01 1.039780283320029675e+01 1.034116889136464401e+01 1.046486017285689840e+01
1.214428857715430787e+01 1.041100896079369065e+01 1.035674110493031463e+01 1.047677884385321256e+01
1.215430861723446831e+01 1.042400500897167426e+01 1.037104270870838185e+01 1.048835915159868115e+01
1.216432865731462876e+01 1.043679120070173205e+01 1.038510503614136660e+01 1.050005757450168531e+01
1.217434869739478920e+01 1.044936796116327393e+01 1.039883711801710930e+01 1.051143736976139920e+01
1.218436873747494964e+01 1.046173591610910414e+01 1.041263071973613741e+01 1.052284596944999784e+01
1.219438877755511008e+01 1.047389588946301409e+01 1.042593220439349189e+01 1.053409854495278353e+01
1.220440881763527052e+01 1.048584890017300353e+01 1.043905785611141468e+01 1.054460761235262822e+01
1.221442885771543096e+01 1.049759615834554616e+01 1.045187389272457601e+01 1.055382528527117358e+01
1.222444889779559141e+01 1.050913906069181003e+01 1.046456163828827890e+01 1.056405187427211523e+01
1.223446893787575185e+01 1.052047918532185555e+01 1.047706032563262291e+01 1.057398657415666676e+01
1.224448897795591229e+01 1.053161828592743987e+01 1.048915669136952999e+01 1.058371448651255697e+01
1.225450901803607096e+01 1.054255828539815099e+01 1.050114702167735814e+01 1.059324041788919324e+01
1.226452905811623140e+01 1.055330126891909437e+01 1.051279578564960815e+01 1.060256924651848642e+01
1.227454909819639184e+01 1.056384947660120588e+01 1.052365695495611675e+01 1.061170590730938557e+01
1.228456913827655228e+01 1.057420529569763268e+01 1.053488442900779987e+01 1.062081126422244104e+01
1.229458917835671272e+01 1.058437125246113020e+01 1.054609123996857178e+01 1.063001462556939991e+01
1.230460921843687316e+01 1.059435000369850854e+01 1.055701554993015812e+01 1.063857064660031071e+01
1.231462925851703361e+01 1.060414432807850815e+01 1.056785542314080750e+01 1.064726936303100935e+01
1.232464929859719405e+01 1.061375711724923221e+01 1.057841016503688536e+01 1.065579567999296451e+01
1.233466933867735449e+01 1.062319136682055465e+01 1.058887859756986849e+01 1.066375075923877880e+01
1.234468937875751493e+01 1.063245016726551206e+01 1.059872429045377196e+01 1.067177649311289400e+01
1.235470941883767537e+01 1.064153669479298436e+01 1.060889582975914003e+01 1.067964215398705896e+01
1.236472945891783581e+01 1.065045420224168105e+01 1.061863647386148912e+01 1.068761596940086456e+01
1.237474949899799626e+01 1.065920601004286894e+01 1.062889887119623111e+01 1.069528866901563013e+01
1.238476953907815670e+01 1.066779549729638177e+01 1.063828026857124165e+01 1.070290400570769052e+01
1.239478957915831714e+01 1.067622609300122605e+01 1.064750393489314817e+01 1.071032341608407989e+01
1.240480961923847758e+01 1.068450126747872275e+01 1.065648274855990962e+01 1.071766623751204150e+01
1.241482965931863802e+01 1.069262452402261587e+01 1.066538112793204718e+01 1.072477113496311318e+01
1.242484969939879846e+01 1.070059939080689837e+01 1.067404532511266524e+01 1.073169427497808570e+01
1.243486973947895891e+01 1.070842941307844143e+01 1.068257055230846575e+01 1.073872322047877503e+01
1.244488977955911757e+01 1.071611814565788201e+01 1.069094416553733673e+01 1.074536539469473340e+01
1.245490981963927801e+01 1.072366914576852182e+01 1.069919334522821508e+01 1.075157753875298283e+01
1.246492985971943845e+01 1.073108596620948951e+01 1.070737309738975540e+01 1.075843489498560146e+01
1.247494989979959890e+01 1.073837214888601999e+01 1.071545600348879113e+01 1.076481867851601670e+01
1.248496993987975934e+01 1.074553121870636829e+01 1.072316330982723187e+01 1.077148910300389950e+01
1.249498997995991978e+01 1.075256667785181541e+01 1.073091654238199588e+01 1.077768858557528375e+01
1.250501002004008022e+01 1.075948200042330782e+01 1.073845382938989701e+01 1.078358972981311581e+01
1.251503006012024066e+01 1.076628062746558179e+01 1.074579728914387466e+01 1.078958409427476184e+01
1.252505010020040110e+01 1.077296596236709192e+01 1.075362805922827647e+01 1.079567529456941877e+01
1.253507014028056155e+01 1.077954136663187334e+01 1.076077058016625010e+01 1.080160671109973691e+01
1.254509018036072199e+01 1.078601015601737956e+01 1.076801558007432646e+01 1.080770157040975121e+01
1.255511022044088065e+01 1.079237559703056526e+01 1.077508730677773841e+01 1.081363509813469825e+01
1.256513026052104109e+01 1.079864090377289720e+01 1.078209829923991059e+01 1.081911688944591177e+01
1.257515030060120154e+01 1.080480923512356028e+01 1.078870863679743763e+01 1.082461657499681706e+01
1.258517034068136198e+01 1.081088369224909584e+01 1.079464787307257367e+01 1.083014949093153945e+01
1.259519038076152242e+01 1.081686731642659893e+01 1.080128915979806337e+01 1.083572740853044536e+01
1.260521042084168286e+01 1.082276308716694579e+01 1.080783634045534924e+01 1.084152384970612992e+01
1.261523046092184330e+01 1.082857392062390112e+01 1.081453870736878464e+01 1.084706099375645572e+01
1.262525050100200374e+01 1.083430266827449628e+01 1.082051856431093917e+01 1.085249990220460425e+01
1.263527054108216419e+01 1.083995211585584961e+01 1.082662215577340348e+01 1.085804013479471664e+01
1.264529058116232463e+01 1.084552498254339703e+01 1.083249480277464905e+01 1.086327064892718219e+01
1.265531062124248507e+01 1.085102392035553720e+01 1.083809938761141112e+01 1.086873580186187738e+01
1.266533066132264551e+01 1.085645151376975726e+01 1.084339311395899585e+01 1.087377943419792459e+01
1.267535070140280595e+01 1.086181027953548828e+01 1.084879762203522091e+01 1.087867903732125008e+01
1.268537074148296639e+01 1.086710266666923452e+01 1.085406313024771485e+01 1.088379083991717700e+01
1.269539078156312684e+01 1.087233105661785793e+01 1.085943536939187837e+01 1.088884326629001187e+01
1.270541082164328728e+01 1.087749776357628306e+01 1.086472445430368339e+01 1.089373279393083216e+01
1.271543086172344772e+01 1.088260503494637632e+01 1.086972314821936614e+01 1.089889586749946915e+01
1.272545090180360816e+01 1.088765505192424143e+01 1.087497470122858978e+01 1.090395174731674821e+01
1.273547094188376683e+01 1.089264993020366745e+01 1.088006513166370404e+01 1.090924706947681599e+01
1.274549098196392727e+01 1.089759172078410643e+01 1.088501710365770592e+01 1.091422652956232575e+01
1.275551102204408771e+01 1.090248241087200043e+01 1.088993329703484569e+01 1.091893829312579989e+01
1.276553106212424815e+01 1.090732392486500579e+01 1.089473486537489322e+01 1.092367468538500397e+01
1.277555110220440859e+01 1.091211812540910486e+01 1.089933774193617744e+01 1.092843993861611729e+01
1.278557114228456904e+01 1.091686681451931662e+01 1.090409750445385129e+01 1.093335903263874975e+01
1.279559118236472948e+01 1.092157173475516174e+01 1.090883227940782518e+01 1.093813643903224531e+01
1.280561122244488992e+01 1.092623457044273394e+01 1.091352999809128477e+01 1.094315472674168177e+01
1.281563126252505036e+01 1.093085694893569837e+01 1.091798158087858894e+01 1.094793892963010506e+01
1.282565130260521080e+01 1.093544044190813480e+01 1.092236450921216218e+01 1.095273647401509898e+01
1.283567134268537124e+01 1.093998656667262281e+01 1.092674809616791443e+01 1.095738815253352882e+01
1.284569138276552991e+01 1.094449678751754895e+01 1.093097303736518633e+01 1.096211395373138409e+01
1.285571142284569035e+01 1.094897251705800301e+01 1.093533873386411770e+01 1.096682127952009544e+01
1.286573146292585079e+01 1.095341511759520081e+01 1.093973260655884339e+01 1.097146789454722615e+01
1.287575150300601123e+01 1.095782590247972088e+01 1.094397379495970490e+01 1.097620858971379754e+01
1.288577154308617168e+01 1.096220613747436445e+01 1.094798452622650231e+01 1.098088521271502316e+01
1.289579158316633212e+01 1.096655704211272919e+01 1.095210467347553518e+01 1.098542869240729303e+01
1.290581162324649256e+01 1.097087979105009481e+01 1.095638269451488611e+01 1.098996802732676414e+01
1.291583166332665300e+01 1.097517551540345160e+01 1.096067009140079129e+01 1.099437473353221328e+01
1.292585170340681344e+01 1.097944530407793629e+01 1.096498955990117707e+01 1.099857310016376388e+01
1.293587174348697388e+01 1.098369020507717231e+01 1.096926498677460593e+01 1.100295756400387148e+01
1.294589178356713433e+01 1.098791122679536691e+01 1.097337387501927708e+01 1.100739370095195824e+01
1.295591182364729477e+01 1.099210933928923239e+01 1.097743546461862785e+01 1.101183053196933592e+01
1.296593186372745521e+01 1.099628547552809010e+01 1.098143907952625931e+01 1.101620474771245917e+01
1.297595190380761565e+01 1.100044053262072374e+01 1.098523723376749395e+01 1.102056344625082929e+01
1.298597194388777609e+01 1.100457537301778288e+01 1.098900707748373584e+01 1.102492532517778123e+01
1.299599198396793653e+01 1.100869082568871349e+01 1.099309292870272969e+01 1.102926352562580448e+01
1.300601202404809698e+01 1.101278768727237534e+01 1.099719432335061597e+01 1.103353464614537494e+01
1.301603206412825742e+01 1.101686672320070848e+01 1.100111817228440536e+01 1.103773225412390424e+01
1.302605210420841608e+01 1.102092866879489463e+01 1.100492032529078479e+01 1.104207722237772948e+01
1.303607214428857652e+01 1.102497423033368129e+01 1.100864356262171739e+01 1.104626234372436855e+01
1.304609218436873697e+01 1.102900408609355587e+01 1.101242031061696913e+01 1.105040217841159667e+01
1.305611222444889741e+01 1.103301888736070069e+01 1.101627237801444359e+01 1.105462336837169701e+01
1.306613226452905785e+01 1.103701925941462569e+01 1.101997148489913236e+01 1.105879722810223242e+01
1.307615230460921829e+01 1.104100580248357311e+01 1.102388821732779078e+01 1.106291559942046199e+01
1.308617234468937873e+01 1.104497909267182187e+01 1.102770657200378324e+01 1.106712813867912715e+01
1.309619238476953917e+01 1.104893968285907668e+01 1.103164890267055043e+01 1.107133600858614386e+01
1.310621242484969962e+01 1.105288810357225238e+01 1.103548934015750227e+01 1.107548181466049364e+01
1.311623246492986006e+01 1.105682486382993446e+01 1.103908105893257208e+01 1.107967642474368120e+01
1.312625250501002050e+01 1.106075045195995443e+01 1.104274064226291863e+01 1.108382895956063408e+01
1.313627254509017916e+01 1.106466533639042815e+01 1.104637213661166228e+01 1.108784814242964067e+01
1.314629258517033961e+01 1.106856996641479718e+01 1.105019382076826950e+01 1.109185790933651461e+01
1.315631262525050005e+01 1.107246477293128528e+01 1.105396781152378161e+01 1.109587825844566744e+01
1.316633266533066049e+01 1.107635016915734738e+01 1.105778929278799083e+01 1.109994028807959054e+01
1.317635270541082093e+01 1.108022655131961898e+01 1.106157100833141449e+01 1.110401749641705393e+01
1.318637274549098137e+01 1.108409429931992918e+01 1.106524467727140326e+01 1.110802562680946970e+01
1.319639278557114181e+01 1.108795377737795462e+01 1.106884990546411451e+01 1.111208870838068918e+01
1.320641282565130226e+01 1.109180533465109342e+01 1.107256464860570588e+01 1.111610742692970888e+01
1.321643286573146270e+01 1.109564930583214348e+01 1.107598242052544890e+01 1.112011120339992942e+01
1.322645290581162314e+01 1.109948601172539284e+01 1.107961682015769078e+01 1.112403444963722521e+01
1.323647294589178358e+01 1.110331575980171337e+01 1.108341531401232061e+01 1.112811640626484788e+01
1.324649298597194402e+01 1.110713884473324242e+01 1.108710513170495204e+01 1.113207957171813511e+01
1.325651302605210446e+01 1.111095554890827408e+01 1.109069876275858491e+01 1.113604103921716515e+01
1.326653306613226491e+01 1.111476614292693910e+01 1.109436236436092216e+01 1.114006795768269420e+01
1.327655310621242535e+01 1.111857088607825617e+01 1.109794846141654112e+01 1.114407787571018993e+01
1.328657314629258579e+01 1.112237002679914966e+01 1.110161227594120348e+01 1.114793716493709042e+01
1.329659318637274623e+01 1.112616380311599151e+01 1.110516627570534531e+01 1.115187650620287130e+01
1.330661322645290667e+01 1.112995244306925358e+01 1.110868776435213512e+01 1.115581648224951827e+01
1.331663326653306534e+01 1.113373616512179964e+01 1.111225319678491097e+01 1.115976958198277913e+01
1.332665330661322578e+01 1.113751517855139639e+01 1.111573818826034987e+01 1.116377927336503717e+01
1.333667334669338622e+01 1.114128968382794582e+01 1.111931404538232293e+01 1.116788847405748974e+01
1.334669338677354666e+01 1.114505987297597933e+01 1.112254807821993374e+01 1.117188640910270792e+01
1.335671342685370711e+01 1.114882592992292665e+01 1.112592777153398593e+01 1.117585649120670865e+01
1.336673346693386755e+01 1.115258803083365358e+01 1.112947330022348424e+01 1.117979910575507141e+01
1.337675350701402799e+01 1.115634634443176409e+01 1.113287805807703812e+01 1.118370965191154021e+01
1.338677354709418843e+01 1.116010103230811978e+01 1.113636173035406429e+01 1.118766123169873339e+01
1.339679358717434887e+01 1.116385224921707575e+01 1.113992428681196323e+01 1.119158932978411336e+01
1.340681362725450931e+01 1.116760014336083628e+01 1.114367297284471192e+01 1.119551557410689924e+01
1.341683366733466976e+01 1.117134485666242227e+01 1.114741980456003567e+01 1.119944005143212173e+01
1.342685370741482842e+01 1.117508652502761102e+01 1.115111469014692602e+01 1.120336284447750685e+01
1.343687374749498886e+01 1.117882527859631914e+01 1.115450050448470343e+01 1.120725058145158748e+01
1.344689378757514930e+01 1.118256124198377854e+01 1.115794372702228898e+01 1.121120368947976509e+01
1.345691382765530975e+01 1.118629453451192823e+01 1.116139793343151965e+01 1.121509124185077866e+01
1.346693386773547019e+01 1.119002527043137363e+01 1.116500080710207143e+01 1.121897810717404198e+01
1.347695390781563063e+01 1.119375355913427761e+01 1.116841869703149115e+01 1.122290518836136286e+01
1.348697394789579107e+01 1.119747950535854564e+01 1.117186070554384969e+01 1.122667451963300067e+01
1.349699398797595151e+01 1.120120320938362646e+01 1.117534729704508933e+01 1.123059051359126315e+01
1.350701402805611195e+01 1.120492476721826414e+01 1.117862714182983019e+01 1.123457845878757766e+01
1.351703406813627240e+01 1.120864427078051939e+01 1.118220160617739545e+01 1.123853254369428534e+01
1.352705410821643284e+01 1.121236180807035154e+01 1.118577555484023023e+01 1.124240050113385081e+01
1.353707414829659328e+01 1.121607746333507016e+01 1.118931485773388701e+01 1.124638164947712049e+01
1.354709418837675372e+01 1.121979131722792289e+01 1.119264834401676367e+01 1.125028507220413765e+01
1.355711422845691416e+01 1.122350344696012137e+01 1.119596958626214089e+01 1.125405772353067846e+01
1.356713426853707460e+01 1.122721392644651495e+01 1.119925041962908807e+01 1.125790537132775171e+01
1.357715430861723505e+01 1.123092282644523721e+01 1.120260541871947169e+01 1.126181445253453361e+01
1.358717434869739549e+01 1.123463021469149759e+01 1.120592019892395541e+01 1.126568645283747827e+01
1.359719438877755593e+01 1.123833615602581126e+01 1.120923300833653080e+01 1.126955753535443705e+01
1.360721442885771637e+01 1.124204071251685200e+01 1.121246636225398774e+01 1.127342944582039941e+01
1.361723446893787504e+01 1.124574394357916773e+01 1.121568647624068582e+01 1.127729612445634544e+01
1.362725450901803548e+01 1.124944590608596862e+01 1.121906770585609792e+01 1.128116045663654354e+01
1.363727454909819592e+01 1.125314665447716678e+01 1.122246618608590296e+01 1.128502651425536030e+01
1.364729458917835636e+01 1.125684624086289709e+01 1.122587358938033830e+01 1.128913661147807268e+01
1.365731462925851680e+01 1.126054471512266275e+01 1.122941563845666479e+01 1.129300799938623356e+01
1.366733466933867724e+01 1.126424212500033128e+01 1.123287174858168314e+01 1.129675175648859842e+01
1.367735470941883769e+01 1.126793851619510356e+01 1.123624276089504548e+01 1.130052045797555671e+01
1.368737474949899813e+01 1.127163393244866896e+01 1.123969461541000570e+01 1.130457587893154425e+01
1.369739478957915857e+01 1.127532841562865862e+01 1.124321167073598815e+01 1.130870065757242138e+01
1.370741482965931901e+01 1.127902200580859038e+01 1.124624714435401529e+01 1.131275684398000081e+01
1.371743486973947945e+01 1.128271474134442975e+01 1.124975470237957431e+01 1.131665389716773262e+01
1.372745490981963812e+01 1.128640665894790196e+01 1.125319942340899537e+01 1.132055055158618195e+01
1.373747494989979856e+01 1.129009779375670952e+01 1.125663742288493907e+01 1.132448337224532509e+01
1.374749498997995900e+01 1.129378817940177093e+01 1.126005669601340031e+01 1.132834273810202852e+01
1.375751503006011944e+01 1.129747784807160471e+01 1.126342293264158911e+01 1.133225870400839597e+01
1.376753507014027988e+01 1.130116683057399030e+01 1.126673146523705782e+01 1.133629885977313378e+01
1.377755511022044033e+01 1.130485515639499816e+01 1.126983367374537437e+01 1.134022739486420406e+01
1.378757515030060077e+01 1.130854285375552060e+01 1.127343054964759261e+01 1.134420140857051251e+01
1.379759519038076121e+01 1.131222994966539730e+01 1.127680195299238441e+01 1.134825571774886299e+01
1.380761523046092165e+01 1.131591646997524414e+01 1.127996735398670403e+01 1.135225794163081403e+01
1.381763527054108209e+01 1.131960243942606326e+01 1.128352817093269600e+01 1.135622237271072699e+01
1.382765531062124253e+01 1.132328788169675526e+01 1.128720643913155541e+01 1.136013933192133152e+01
1.383767535070140298e+01 1.132697281944959400e+01 1.129038191509847877e+01 1.136402432438442389e+01
1.384769539078156342e+01 1.133065727437378456e+01 1.129393039922980613e+01 1.136804684040411217e+01
1.385771543086172386e+01 1.133434126722713486e+01 1.129720271259258446e+01 1.137192884353850708e+01
1.386773547094188430e+01 1.133802481787597394e+01 1.130076623088780075e+01 1.137567915393915818e+01
1.387775551102204474e+01 1.134170794533335958e+01 1.130410010037402202e+01 1.137963734206262245e+01
1.388777555110220518e+01 1.134539066779565353e+01 1.130766021806527988e+01 1.138341016622379520e+01
1.389779559118236563e+01 1.134907300267752994e+01 1.131118892079223492e+01 1.138718192907855808e+01
1.390781563126252429e+01 1.135275496664550232e+01 1.131449640633917042e+01 1.139109059842552796e+01
1.391783567134268473e+01 1.135643657565000986e+01 1.131774244683905550e+01 1.139497550621578981e+01
1.392785571142284518e+01 1.136011784495612176e+01 1.132098775316402239e+01 1.139891434127261505e+01
1.393787575150300562e+01 1.136379878917295549e+01 1.132426798250103595e+01 1.140292966659726126e+01
1.394789579158316606e+01 1.136747942228180719e+01 1.132747628034051068e+01 1.140685269064500673e+01
1.395791583166332650e+01 1.137115975766310072e+01 1.133075633911371050e+01 1.141090312960889186e+01
1.396793587174348694e+01 1.137483980812217155e+01 1.133407082927460152e+01 1.141475955801751319e+01
1.397795591182364738e+01 1.137851958591395451e+01 1.133740625079641617e+01 1.141862212956004186e+01
1.398797595190380783e+01 1.138219910276660585e+01 1.134080871001289559e+01 1.142265735286933648e+01
1.399799599198396827e+01 1.138587836990412683e+01 1.134406808020180968e+01 1.142670214273879026e+01
1.400801603206412693e+01 1.138955739806800338e+01 1.134744134453748821e+01 1.143061601698819629e+01
1.401803607214428737e+01 1.139323619753792727e+01 1.135074759107910936e+01 1.143450824672274990e+01
1.402805611222444782e+01 1.139691477815163090e+01 1.135405627576628262e+01 1.143846912162273810e+01
1.403807615230460826e+01 1.140059314932387124e+01 1.135749058449508198e+01 1.144236017422411855e+01
1.404809619238476870e+01 1.140427132006458777e+01 1.136095999782080845e+01 1.144632444391123904e+01
1.405811623246492914e+01 1.140794929899630539e+01 1.136435642384127576e+01 1.145031400996102988e+01
1.406813627254508958e+01 1.141162709437077005e+01 1.136770312463193378e+01 1.145416839713131196e+01
1.407815631262525002e+01 1.141530471408487912e+01 1.137107013504470387e+01 1.145815644747228745e+01
1.408817635270541047e+01 1.141898216569593139e+01 1.137455772957358668e+01 1.146211679701588970e+01
1.409819639278557091e+01 1.142265945643622160e+01 1.137790967784563101e+01 1.146593750626464470e+01
1.410821643286573135e+01 1.142633659322699735e+01 1.138118593633084075e+01 1.146975791394470434e+01
1.411823647294589179e+01 1.143001358269183854e+01 1.138460698029853901e+01 1.147357803210126548e+01
1.412825651302605223e+01 1.143369043116944361e+01 1.138787885331647232e+01 1.147739787229878239e+01
1.413827655310621267e+01 1.143736714472587579e+01 1.139124800063358123e+01 1.148133597637843906e+01
1.414829659318637312e+01 1.144104372916628343e+01 1.139453070908334986e+01 1.148542831946718579e+01
1.415831663326653356e+01 1.144472019004611418e+01 1.139781326475162793e+01 1.148939046525157259e+01
1.416833667334669400e+01 1.144839653268184954e+01 1.140110066950831325e+01 1.149330914020435301e+01
1.417835671342685444e+01 1.145207276216128101e+01 1.140455023526600442e+01 1.149729984885694911e+01
1.418837675350701488e+01 1.145574888335333519e+01 1.140799975203650440e+01 1.150129039524393804e+01
1.419839679358717532e+01 1.145942490091749377e+01 1.141144922215101687e+01 1.150528078543378285e+01
1.420841683366733577e+01 1.146310081931278901e+01 1.141481752708902242e+01 1.150927102526810941e+01
1.421843687374749443e+01 1.146677664280642972e+01 1.141819905325295004e+01 1.151326112037016713e+01
1.422845691382765487e+01 1.147045237548204888e+01 1.142160604566748283e+01 1.151725107615299670e+01
1.423847695390781531e+01 1.147412802124759601e+01 1.142500773897694799e+01 1.152124089782726912e+01
1.424849699398797576e+01 1.147780358384289201e+01 1.142839538058407456e+01 1.152523059040885300e+01
1.425851703406813620e+01 1.148147906684685715e+01 1.143191674189919027e+01 1.152922015872609407e+01
1.426853707414829664e+01 1.148515447368444065e+01 1.143543804456279744e+01 1.153320960742680690e+01
1.427855711422845708e+01 1.148882980763323047e+01 1.143895929115123344e+01 1.153719894098503929e+01
1.428857715430861575e+01 1.149250507182980208e+01 1.144248048412767460e+01 1.154118816370754530e+01
1.429859719438877619e+01 1.149618026927577219e+01 1.144594179714891524e+01 1.154517727974005048e+01
1.430861723446893663e+01 1.149985540284361463e+01 1.144939087965142299e+01 1.154916629307325948e+01
1.431863727454909707e+01 1.150353047528220785e+01 1.145272651953046861e+01 1.155315520754865766e+01
1.432865731462925751e+01 1.150720548922215514e+01 1.145627100299573975e+01 1.155714402686407460e+01
1.433867735470941795e+01 1.151088044718087033e+01 1.145961075139047125e+01 1.156113275457906830e+01
1.434869739478957840e+01 1.151455535156744681e+01 1.146275098145039628e+01 1.156512139412008011e+01
1.435871743486973884e+01 1.151823020468732039e+01 1.146610033105345217e+01 1.156910994878541743e+01
1.436873747494989928e+01 1.152190500874672097e+01 1.146939810789448977e+01 1.157309842175004100e+01
1.437875751503005972e+01 1.152557976585695165e+01 1.147277684780906881e+01 1.157708681607017276e+01
1.438877755511022016e+01 1.152925447803846026e+01 1.147606325070628586e+01 1.158107513468773497e+01
1.439879759519038060e+01 1.153292914722475615e+01 1.147932411282278409e+01 1.158506338043462947e+01
1.440881763527054105e+01 1.153660377526614944e+01 1.148264413986797194e+01 1.158905155603684278e+01
1.441883767535070149e+01 1.154027836393332684e+01 1.148590264490034585e+01 1.159303966411840392e+01
1.442885771543086193e+01 1.154395291492078357e+01 1.148935248289360977e+01 1.159702770720520526e+01
1.443887775551102237e+01 1.154762742985009183e+01 1.149280229430321043e+01 1.160101568772866543e+01
1.444889779559118281e+01 1.155130191027304676e+01 1.149625208031142876e+01 1.160500360802926245e+01
1.445891783567134325e+01 1.155497635767466846e+01 1.149970184204796020e+01 1.160899147035993195e+01
1.446893787575150370e+01 1.155865077347606729e+01 1.150315158059226661e+01 1.161297927688934450e+01
1.447895791583166414e+01 1.156232515903720426e+01 1.150660129697580203e+01 1.161696702970505157e+01
1.448897795591182458e+01 1.156599951565951301e+01 1.151005099218415140e+01 1.162095473081652131e+01
1.449899799599198502e+01 1.156967384458842041e+01 1.151336255977986411e+01 1.162494238215806241e+01
1.450901803607214369e+01 1.157334814701576242e+01 1.151660184233059425e+01 1.162892998559162372e+01
1.451903807615230413e+01 1.157702242408208093e+01 1.151997625884454735e+01 1.163291754290951197e+01
1.452905811623246457e+01 1.158069667687884063e+01 1.152349884305823302e+01 1.163690505583698709e+01
1.453907815631262501e+01 1.158437090645052869e+01 1.152701898713856465e+01 1.164089252603477398e+01
1.454909819639278545e+01 1.158804511379668867e+01 1.153028520416262914e+01 1.164487995510147655e+01
1.455911823647294590e+01 1.159171929987384431e+01 1.153355140353002284e+01 1.164886734457589768e+01
1.456913827655310634e+01 1.159539346559736117e+01 1.153681758605790364e+01 1.165294218867384934e+01
1.457915831663326678e+01 1.159906761184320345e+01 1.154008375252561081e+01 1.165684201061744396e+01
1.458917835671342544e+01 1.160274173944964460e+01 1.154334990367641822e+01 1.166082928998288892e+01
1.459919839679358589e+01 1.160641584921888203e+01 1.154661604021920063e+01 1.166481653535676699e+01
1.460921843687374633e+01 1.161008994191858434e+01 1.154988216283002700e+01 1.166880374801079689e+01
1.461923847695390677e+01 1.161376401828338878e+01 1.155314827215367757e+01 1.167279092916913541e+01
1.462925851703406721e+01 1.161743807901631342e+01 1.155641436880509332e+01 1.167677808001013773e+01
1.463927855711422765e+01 1.162111212479012146e+01 1.155968045337075623e+01 1.168076520166808052e+01
1.464929859719438809e+01 1.162478615624862321e+01 1.156294652641000553e+01 1.168475229523480152e+01
1.465931863727454854e+01 1.162846017400792320e+01 1.156623166493342225e+01 1.168873936176129824e+01
1.466933867735470898e+01 1.163213417865760491e+01 1.156951701386086384e+01 1.169272640225924675e+01
1.467935871743486942e+01 1.163580817076188723e+01 1.157288168692069519e+01 1.169671341770247608e+01
1.468937875751502986e+01 1.163948215086069737e+01 1.157615213853777014e+01 1.170070040902838748e+01
1.469939879759519030e+01 1.164315611947073315e+01 1.157954249211283759e+01 1.170468737713930452e+01
1.470941883767535074e+01 1.164683007708645057e+01 1.158288079382869462e+01 1.170867432290379817e+01
1.471943887775551119e+01 1.165050402418102848e+01 1.158617195286636559e+01 1.171266124715794632e+01
1.472945891783567163e+01 1.165417796120727800e+01 1.158946309959300081e+01 1.171664815070654697e+01
1.473947895791583207e+01 1.165785188859852539e+01 1.159275423455071241e+01 1.172063503432428355e+01
1.474949899799599251e+01 1.166152580676944872e+01 1.159604535825774363e+01 1.172462189875686533e+01
1.475951903807615295e+01 1.166519971611687367e+01 1.159933647120951505e+01 1.172860874472209680e+01
1.476953907815631339e+01 1.166887361702055514e+01 1.160267552349142761e+01 1.173259557291093103e+01
1.477955911823647384e+01 1.167254750984389666e+01 1.160591866672085182e+01 1.173658238398846620e+01
1.478957915831663428e+01 1.167622139493466804e+01 1.160920975016598078e+01 1.174056917859492088e+01
1.479959919839679472e+01 1.167989527262566618e+01 1.161252590284913744e+01 1.174455595734656121e+01
1.480961923847695338e+01 1.168356914323536877e+01 1.161609809196359144e+01 1.174854272083659623e+01
1.481963927855711383e+01 1.168724300706854713e+01 1.161953863689657140e+01 1.175252946963603939e+01
1.482965931863727427e+01 1.169091686441685418e+01 1.162288909974435214e+01 1.175651620429454169e+01
1.483967935871743471e+01 1.169459071555939111e+01 1.162614477474329000e+01 1.176050292534119279e+01
1.484969939879759515e+01 1.169826456076324561e+01 1.162940043898518461e+01 1.176448963328528130e+01
1.485971943887775559e+01 1.170193840028401411e+01 1.163265609292859004e+01 1.176847632861704618e+01
1.486973947895791603e+01 1.170561223436628850e+01 1.163603798809517009e+01 1.177246301180838195e+01
1.487975951903807470e+01 1.170928606324413579e+01 1.163921711488932687e+01 1.177644968331352793e+01
1.488977955911823514e+01 1.171295988714155101e+01 1.164257574871240486e+01 1.178043634356973257e+01
1.489979959919839558e+01 1.171663370627288359e+01 1.164593799230125093e+01 1.178442299299787699e+01
1.490981963927855602e+01 1.172030752084326366e+01 1.164918340258063267e+01 1.178840963200310199e+01
1.491983967935871647e+01 1.172398133104898932e+01 1.165242633182583099e+01 1.179239626097538896e+01
1.492985971943887691e+01 1.172765513707791030e+01 1.165582075191549727e+01 1.179638288029012472e+01
1.493987975951903735e+01 1.173132893910979213e+01 1.165906408558442031e+01 1.180036949030865756e+01
1.494989979959919779e+01 1.173500273731666432e+01 1.166230738095078046e+01 1.180435609137881059e+01
1.495991983967935823e+01 1.173867653186315252e+01 1.166561494962185996e+01 1.180834268383539332e+01
1.496993987975951867e+01 1.174235032290679470e+01 1.166893683188103381e+01 1.181232926800069194e+01
1.497995991983967912e+01 1.174602411059835028e+01 1.167230713036531675e+01 1.181631584418493297e+01
1.498997995991983956e+01 1.174969789508209139e+01 1.167563798865719704e+01 1.182030241268673443e+01
1.500000000000000000e+01 1.175337167649607828e+01 1.167898856650066364e+01 1.182428897379354282e+01
