1.000000000000000000e+01 5.257853541540485232e+00 4.417279008926056072e+00 5.759572769473143339e+00
1.001002004008016044e+01 5.283972153275467321e+00 4.447926984894764679e+00 5.782035029198346443e+00
1.002004008016032088e+01 5.310090736375895126e+00 4.477512727434591611e+00 5.805269678225696062e+00
1.003006012024048133e+01 5.336209289327546124e+00 4.506858825173303273e+00 5.829131535868817160e+00
1.004008016032064177e+01 5.362327810536129391e+00 4.536204918133730501e+00 5.852993321715256769e+00
1.005010020040080221e+01 5.388446298323049888e+00 4.565551006018796265e+00 5.876855032324250772e+00
1.006012024048096265e+01 5.414564750920955127e+00 4.594897088512955641e+00 5.900716664090166930e+00
1.007014028056112309e+01 5.440683166469037602e+00 4.624243165281040291e+00 5.924578213234609869e+00
1.008016032064128176e+01 5.466801543008092068e+00 4.653589235967044324e+00 5.948439675798140591e+00
1.009018036072144220e+01 5.492919878475334805e+00 4.682935300192839989e+00 5.972301047631622950e+00
1.010020040080160264e+01 5.519038170698891577e+00 4.712281357556777017e+00 5.996162324387110942e+00
1.011022044088176308e+01 5.545156417392057335e+00 4.742483673407052791e+00 6.020023501508347863e+00
1.012024048096192352e+01 5.571274616147216641e+00 4.773325725424670374e+00 6.043884574220780515e+00
1.013026052104208397e+01 5.597392764429449663e+00 4.804143348974418970e+00 6.067745537521109789e+00
1.014028056112224441e+01 5.623510859569806897e+00 4.834530393100186174e+00 6.091606386166334097e+00
1.015030060120240485e+01 5.649628898758222384e+00 4.865745641376088670e+00 6.115467114662272330e+00
1.016032064128256529e+01 5.675746879036050352e+00 4.897336219035387295e+00 6.139327717251536143e+00
1.017034068136272573e+01 5.701864797288216380e+00 4.928284228380030108e+00 6.163188187900927595e+00
1.018036072144288617e+01 5.727982650234943129e+00 4.959232218463280439e+00 6.187048520288233711e+00
1.019038076152304662e+01 5.754100434423049748e+00 4.990180188053515487e+00 6.210908707788390437e+00
1.020040080160320706e+01 5.780218146216779651e+00 5.021128135840362106e+00 6.234768743458984019e+00
1.021042084168336750e+01 5.806335781788155792e+00 5.052076060429659954e+00 6.258628620025058709e+00
1.022044088176352616e+01 5.832453337106814573e+00 5.083023960338100444e+00 6.282488329863194387e+00
1.023046092184368661e+01 5.858570807929323720e+00 5.114503655470713284e+00 6.306347864984847007e+00
1.024048096192384705e+01 5.884688189787898871e+00 5.146305970443401101e+00 6.329256089180044675e+00
1.025050100200400749e+01 5.910805477978559708e+00 5.178108252884800144e+00 6.351846015371669374e+00
1.026052104208416793e+01 5.936922667548647503e+00 5.209910500658690324e+00 6.374809806543817459e+00
1.027054108216432837e+01 5.963039753283678301e+00 5.241706746552370788e+00 6.398091838402319986e+00
1.028056112224448881e+01 5.989156729693510428e+00 5.272440446518158907e+00 6.421377868409869016e+00
1.029058116232464926e+01 6.015273590997774811e+00 5.301774732727281503e+00 6.444085464367113048e+00
1.030060120240480970e+01 6.041390331110541467e+00 5.330986570010149528e+00 6.466397165057523821e+00
1.031062124248497014e+01 6.067506943624172422e+00 5.360189147917241215e+00 6.488708685027742007e+00
1.032064128256513058e+01 6.093623421792322858e+00 5.389391690749993025e+00 6.511020016245187669e+00
1.033066132264529102e+01 6.119739758512048766e+00 5.418594196401372187e+00 6.533585082626695240e+00
1.034068136272545146e+01 6.145855946304963346e+00 5.447796662637769849e+00 6.556887211564162321e+00
1.035070140280561191e+01 6.171971977297407541e+00 5.476999087091409812e+00 6.579815808996299253e+00
1.036072144288577235e+01 6.198087843199562741e+00 5.506201467252282100e+00 6.602869482534435619e+00
1.037074148296593101e+01 6.224203535283470146e+00 5.535403800459597790e+00 6.625553668391784612e+00
1.038076152304609145e+01 6.250319044359902598e+00 5.564606083892754462e+00 6.648382722276816814e+00
1.039078156312625190e+01 6.276434360753975206e+00 5.593808314561704798e+00 6.672458747018875869e+00
1.040080160320641234e+01 6.302549474279515174e+00 5.623010489296803804e+00 6.695227255984923076e+00
1.041082164328657278e+01 6.328664374212055854e+00 5.652464237226886290e+00 6.717995466022760098e+00
1.042084168336673322e+01 6.354779049260414148e+00 5.683352790758296358e+00 6.741140226339151553e+00
1.043086172344689366e+01 6.380893487536763331e+00 5.714178422280603797e+00 6.764892446920497626e+00
1.044088176352705410e+01 6.407007676525134698e+00 5.745003970417045025e+00 6.787610781987840625e+00
1.045090180360721455e+01 6.433121603048260084e+00 5.776043738296285923e+00 6.810099122936374982e+00
1.046092184368737499e+01 6.459235253232654017e+00 5.807093451991764077e+00 6.833046407832869207e+00
1.047094188376753543e+01 6.485348612471877772e+00 5.838019015348575813e+00 6.855499277838909222e+00
1.048096192384769587e+01 6.511461665387844988e+00 5.870199271618195880e+00 6.877363325727821497e+00
1.049098196392785631e+01 6.537574395790111126e+00 5.901863561642025857e+00 6.900616658458485375e+00
1.050100200400801675e+01 6.563686786633002868e+00 5.931762539348430785e+00 6.923913014079152717e+00
1.051102204408817542e+01 6.589798819970492438e+00 5.961194050375608455e+00 6.946628591076017045e+00
1.052104208416833586e+01 6.615910476908725357e+00 5.990459061211923064e+00 6.969253421469078447e+00
1.053106212424849630e+01 6.642021737555992900e+00 6.023435833505793369e+00 6.992058313880185949e+00
1.054108216432865675e+01 6.668132580970132395e+00 6.054494526653120268e+00 7.015195189722454927e+00
1.055110220440881719e+01 6.694242985103125321e+00 6.085220838505444263e+00 7.039044285738231821e+00
1.056112224448897763e+01 6.720352926742798161e+00 6.116520157850295014e+00 7.064234027530050142e+00
1.057114228456913807e+01 6.746462381451454604e+00 6.145388951577862358e+00 7.089690378269857263e+00
1.058116232464929851e+01 6.772571323501283658e+00 6.174257587096776412e+00 7.111479653988856953e+00
1.059118236472945895e+01 6.798679725806380247e+00 6.203126054912262433e+00 7.134696242434532820e+00
1.060120240480961940e+01 6.824787559851187346e+00 6.231994344959857379e+00 7.158962877764313504e+00
1.061122244488977984e+01 6.850894795615197097e+00 6.262547050997318010e+00 7.182565639725562612e+00
1.062124248496994028e+01 6.877001401493688881e+00 6.293272211411230721e+00 7.205964935558868412e+00
1.063126252505010072e+01 6.903107344214319596e+00 6.323458783283555817e+00 7.229116044717144085e+00
1.064128256513026116e+01 6.929212588749340540e+00 6.352521006776166601e+00 7.251285416822422114e+00
1.065130260521042160e+01 6.955317098223214423e+00 6.381583032144479972e+00 7.275005583243141061e+00
1.066132264529058205e+01 6.981420833815398908e+00 6.412882159803467985e+00 7.299109672129961091e+00
1.067134268537074071e+01 7.007523754658036452e+00 6.443863866205362001e+00 7.322870251897100502e+00
1.068136272545090115e+01 7.033625817728315965e+00 6.476788549520112959e+00 7.346738728295029830e+00
1.069138276553106159e+01 7.059726977735163445e+00 6.508339932191013588e+00 7.370313849317036592e+00
1.070140280561122204e+01 7.085827187000063532e+00 6.539062446779475124e+00 7.392748575520788457e+00
1.071142284569138248e+01 7.111926395331630069e+00 6.569906121747259853e+00 7.416494671696666430e+00
1.072144288577154292e+01 7.138024549893641435e+00 6.600506149685326562e+00 7.440239088340698359e+00
1.073146292585170336e+01 7.164121595066202275e+00 6.631227280823906334e+00 7.464989773459729250e+00
1.074148296593186380e+01 7.190217472299666568e+00 6.661947890567148534e+00 7.489422576479845439e+00
1.075150300601202424e+01 7.216312119960964111e+00 6.693173895887584379e+00 7.513187106492668299e+00
1.076152304609218469e+01 7.242405473171933394e+00 6.724723297674461975e+00 7.537865846264940828e+00
1.077154308617234513e+01 7.268497463639254974e+00 6.756272044422124701e+00 7.561675568104621270e+00
1.078156312625250557e+01 7.294588019475565233e+00 6.787820092731127630e+00 7.585649682609311384e+00
1.079158316633266601e+01 7.320677065011285123e+00 6.818020954277882240e+00 7.609896805661930053e+00
1.080160320641282468e+01 7.346764520596709147e+00 6.848017766112199922e+00 7.633819563641177197e+00
1.081162324649298512e+01 7.372850302393867850e+00 6.878013788777770365e+00 7.656509509350930998e+00
1.082164328657314556e+01 7.398934322157600718e+00 6.908008973462647972e+00 7.679594821554551309e+00
1.083166332665330600e+01 7.425016487005366095e+00 6.938003268339198115e+00 7.703352710727411790e+00
1.084168336673346644e+01 7.451096699175174365e+00 6.967996618378212048e+00 7.727107644410088128e+00
1.085170340681362688e+01 7.477174855771055562e+00 6.997988965151629159e+00 7.750859483462644306e+00
1.086172344689378733e+01 7.503250848495456538e+00 7.027980246623168448e+00 7.774890208732317731e+00
1.087174348697394777e+01 7.529324563367898904e+00 7.057970396926129375e+00 7.799889336077964863e+00
1.088176352705410821e+01 7.555395880429229827e+00 7.087959346127592042e+00 7.823808645138814910e+00
1.089178356713426865e+01 7.581464673430742707e+00 7.117947019978192458e+00 7.847441776830474502e+00
1.090180360721442909e+01 7.607530809507433212e+00 7.147933339646597162e+00 7.870992381739812416e+00
1.091182364729458953e+01 7.633594148834604631e+00 7.177918221437771251e+00 7.895201112998713633e+00
1.092184368737474998e+01 7.659654544267015197e+00 7.207901576494036178e+00 7.920147814141945908e+00
1.093186372745491042e+01 7.685711840959713825e+00 7.237883310477908338e+00 7.945089551922319693e+00
1.094188376753507086e+01 7.711765875969689432e+00 7.267863323235621564e+00 7.969633042968981229e+00
1.095190380761523130e+01 7.737816477837393236e+00 7.297841508440168212e+00 7.992948475605956560e+00
1.096192384769538997e+01 7.763863466147189030e+00 7.327817753212636731e+00 8.016921028590250131e+00
1.097194388777555041e+01 7.789906651065734877e+00 7.357791937720584485e+00 8.042034387898752357e+00
1.098196392785571085e+01 7.815945832857198461e+00 7.387763934752012318e+00 8.067141617916051999e+00
1.099198396793587129e+01 7.841980801374313970e+00 7.417733609263576611e+00 8.091959800060717356e+00
1.100200400801603173e+01 7.868011335524064620e+00 7.447700817901462322e+00 8.114767853107116125e+00
1.101202404809619217e+01 7.894037202706870815e+00 7.477665408493329835e+00 8.137896284746352293e+00
1.102204408817635262e+01 7.920058158228040490e+00 7.507627219509620531e+00 8.161216964637066695e+00
1.103206412825651306e+01 7.946073944680245305e+00 7.537586079492452740e+00 8.185350750552087717e+00
1.104208416833667350e+01 7.972084291295688629e+00 7.567541806450194919e+00 8.208912732029155279e+00
1.105210420841683394e+01 7.998088913266633959e+00 7.600115169643332891e+00 8.232266371038459596e+00
1.106212424849699438e+01 8.024087511032890419e+00 7.634099121090954121e+00 8.256573554582445240e+00
1.107214428857715482e+01 8.050079769534811192e+00 7.664577365811225285e+00 8.281621177618761820e+00
1.108216432865731527e+01 8.076065357430323388e+00 7.696558568625409436e+00 8.305317773981533591e+00
1.109218436873747393e+01 8.102043926274451024e+00 7.727909064375916515e+00 8.329403854150617903e+00
1.110220440881763437e+01 8.128015109659786575e+00 7.762061048288789067e+00 8.351174832475482646e+00
1.111222444889779482e+01 8.153978522316231548e+00 7.795836907931120052e+00 8.374519631304846001e+00
1.112224448897795526e+01 8.179933759168445562e+00 7.827027431288007264e+00 8.397487018307117523e+00
1.113226452905811570e+01 8.205880394349254203e+00 7.855878563775955392e+00 8.421144330541796563e+00
1.114228456913827614e+01 8.231817980167299709e+00 7.885882130954624536e+00 8.444844889001974053e+00
1.115230460921843658e+01 8.257746046027218512e+00 7.917175947544018655e+00 8.467871715202178962e+00
1.116232464929859702e+01 8.283664097300546203e+00 7.948245528812171834e+00 8.491210826155123570e+00
1.117234468937875747e+01 8.309571614145554008e+00 7.980590418828519716e+00 8.516708984855956288e+00
1.118236472945891791e+01 8.335468050274243978e+00 8.010518214167355211e+00 8.539344588817392889e+00
1.119238476953907835e+01 8.361352831664657259e+00 8.040155318116582350e+00 8.563174332214293472e+00
1.120240480961923879e+01 8.387225355216710199e+00 8.069974010777791307e+00 8.586358517151330361e+00
1.121242484969939923e+01 8.413084987349765953e+00 8.100752681277912259e+00 8.609783462785134844e+00
1.122244488977955967e+01 8.438931062540163452e+00 8.133394454219086356e+00 8.633549312775858908e+00
1.123246492985972012e+01 8.464762881796970007e+00 8.161439944934052448e+00 8.658883423182798467e+00
1.124248496993988056e+01 8.490579711074282443e+00 8.192604145079888767e+00 8.681506157217146580e+00
1.125250501002004100e+01 8.516380779618462071e+00 8.223153411497142073e+00 8.705500905668314360e+00
1.126252505010019966e+01 8.542165278248742055e+00 8.253691532664836572e+00 8.728089123419726647e+00
1.127254509018036011e+01 8.567932357569842949e+00 8.284214710144803817e+00 8.750948713626552689e+00
1.128256513026052055e+01 8.593681126115180646e+00 8.314723054302696426e+00 8.775283823591990995e+00
1.129258517034068099e+01 8.619410648419627563e+00 8.346995190720834401e+00 8.799825349792898876e+00
1.130260521042084143e+01 8.645119943020780795e+00 8.376430495986284086e+00 8.823693220982551821e+00
1.131262525050100187e+01 8.670807980387962743e+00 8.407474809165524476e+00 8.845470556684636776e+00
1.132264529058116231e+01 8.696473680778446180e+00 8.437627534376549221e+00 8.868519425870527328e+00
1.133266533066132276e+01 8.722115912020619533e+00 8.467192227754662071e+00 8.891903578099276118e+00
1.134268537074148320e+01 8.747733487224149229e+00 8.497405086135792374e+00 8.915770685343739288e+00
1.135270541082164364e+01 8.773325162417538792e+00 8.527779970655510411e+00 8.938726702038797711e+00
1.136272545090180408e+01 8.798889634113910674e+00 8.555826915616206563e+00 8.961280268468374999e+00
1.137274549098196452e+01 8.824425536806236536e+00 8.585674039427322768e+00 8.985579699704558720e+00
1.138276553106212496e+01 8.849931440393811855e+00 8.615431754898025929e+00 9.009379359566603185e+00
1.139278557114228363e+01 8.875405847542273463e+00 8.644801455355999309e+00 9.033610481674866577e+00
1.140280561122244407e+01 8.900847190980153201e+00 8.675245302640115952e+00 9.056717690100956730e+00
1.141282565130260451e+01 8.926253830735539907e+00 8.703911693073578704e+00 9.080054583759906706e+00
1.142284569138276495e+01 8.951624051317342179e+00 8.732589148513133281e+00 9.105161647739866027e+00
1.143286573146292540e+01 8.976956058846340625e+00 8.760383432377759405e+00 9.129794416098141241e+00
1.144288577154308584e+01 9.002247978142195350e+00 8.787977800901170866e+00 9.152439587818408384e+00
1.145290581162324628e+01 9.027497849773581606e+00 8.821618170115440805e+00 9.174843789679409056e+00
1.146292585170340672e+01 9.052703627079694115e+00 8.848553255779656013e+00 9.199972182681756649e+00
1.147294589178356716e+01 9.077863173172513456e+00 8.879269652683877467e+00 9.225038605452056117e+00
1.148296593186372760e+01 9.102974257930540603e+00 8.909224274168410673e+00 9.247879397472804186e+00
1.149298597194388805e+01 9.128034554996022010e+00 8.937111060300184207e+00 9.272215009668734353e+00
1.150300601202404849e+01 9.153041638789146006e+00 8.964712468755767105e+00 9.296675729224777029e+00
1.151302605210420893e+01 9.177992981554250917e+00 8.994756960482787278e+00 9.320117449592364878e+00
1.152304609218436937e+01 9.202885950454717801e+00 9.021031895649869625e+00 9.343887629749215051e+00
1.153306613226452981e+01 9.227717804734908214e+00 9.048109324532374487e+00 9.367942935966270923e+00
1.154308617234469025e+01 9.252485692969383280e+00 9.075315879320584145e+00 9.392434785299967004e+00
1.155310621242484892e+01 9.277186650421459291e+00 9.102925395067028802e+00 9.415859717693258801e+00
1.156312625250500936e+01 9.301817596535162380e+00 9.130474916088669346e+00 9.439456092907116513e+00
1.157314629258516980e+01 9.326375332586575695e+00 9.158826219528823032e+00 9.461927128231611306e+00
1.158316633266533024e+01 9.350856539522737876e+00 9.187014221506972333e+00 9.483867475152424120e+00
1.159318637274549069e+01 9.375257776018212752e+00 9.213601212711118649e+00 9.505724745052935631e+00
1.160320641282565113e+01 9.399575476781574679e+00 9.245206677936460338e+00 9.528116041848582185e+00
1.161322645290581157e+01 9.423805951146105642e+00 9.271738953514493176e+00 9.551066133317659634e+00
1.162324649298597201e+01 9.447945381980964896e+00 9.299678024859959535e+00 9.573805864350505956e+00
1.163326653306613245e+01 9.471989824961044135e+00 9.326722130375397768e+00 9.596688206575883839e+00
1.164328657314629289e+01 9.495935208235476210e+00 9.353478796938439643e+00 9.620310582161028634e+00
1.165330661322645334e+01 9.519777332536364156e+00 9.379646495427756747e+00 9.643945956736271086e+00
1.166332665330661378e+01 9.543511871770748556e+00 9.406735679837890274e+00 9.667694918433426210e+00
1.167334669338677422e+01 9.567134374139932618e+00 9.434201364475921281e+00 9.690784268892057796e+00
1.168336673346693289e+01 9.590640263831097911e+00 9.459794715872483550e+00 9.712225251296551676e+00
1.169338677354709333e+01 9.614024843326614445e+00 9.484773642940828253e+00 9.734714497464961980e+00
1.170340681362725377e+01 9.637283296376365271e+00 9.508809505338795987e+00 9.757360734996227691e+00
1.171342685370741421e+01 9.660410691678007922e+00 9.534706448532178413e+00 9.778669870487039617e+00
1.172344689378757465e+01 9.683401987308904779e+00 9.558928694840631124e+00 9.801008917288910993e+00
1.173346693386773509e+01 9.706252035951775881e+00 9.584317299718222216e+00 9.822345060934404515e+00
1.174348697394789554e+01 9.728955590953717092e+00 9.610186821583017291e+00 9.845454271240704713e+00
1.175350701402805598e+01 9.751507313254990095e+00 9.633890056557378401e+00 9.869748066290188859e+00
1.176352705410821642e+01 9.773901779220050656e+00 9.659355406784145615e+00 9.890505240481086702e+00
1.177354709418837686e+01 9.796133489398350491e+00 9.685345904108549675e+00 9.911279524897405935e+00
1.178356713426853730e+01 9.818196878236683744e+00 9.709150578982008284e+00 9.931035387396137892e+00
1.179358717434869774e+01 9.840086324758173575e+00 9.732548488808070886e+00 9.951715549927769189e+00
1.180360721442885819e+01 9.861796164215300919e+00 9.755240411160656322e+00 9.972428617299829767e+00
1.181362725450901863e+01 9.883320700715790608e+00 9.777341279501460036e+00 9.995125738640870949e+00
1.182364729458917907e+01 9.904654220810710896e+00 9.800195081912692174e+00 1.001575618947648572e+01
1.183366733466933951e+01 9.925791008023750805e+00 9.822826105660690033e+00 1.003559506175535176e+01
1.184368737474949818e+01 9.946725358289491226e+00 9.845474840152405704e+00 1.005608725882797039e+01
1.185370741482965862e+01 9.967451596256719171e+00 9.868198550025013560e+00 1.007587120470472541e+01
1.186372745490981906e+01 9.987964092400339666e+00 9.888684824989919520e+00 1.009566302416093464e+01
1.187374749498997950e+01 1.000825728087280098e+01 9.909544799394232939e+00 1.011606661951097230e+01
1.188376753507013994e+01 1.002832567801281449e+01 9.929896993891704327e+00 1.013493270497838417e+01
1.189378757515030038e+01 1.004816390141622229e+01 9.949680453675615155e+00 1.015330534236091609e+01
1.190380761523046083e+01 1.006776668946105424e+01 9.969764403314069767e+00 1.017081723033638774e+01
1.191382765531062127e+01 1.008712892116649762e+01 9.989685500856475997e+00 1.019046086412047636e+01
1.192384769539078171e+01 1.010624563625396632e+01 1.000946206256774751e+01 1.021123754288451302e+01
1.193386773547094215e+01 1.012511205526786817e+01 1.002988625026510583e+01 1.022868906224872454e+01
1.194388777555110259e+01 1.014372359960447056e+01 1.005065463821205718e+01 1.024644517370836816e+01
1.195390781563126303e+01 1.016207591128955379e+01 1.007054425829189448e+01 1.026352601331962333e+01
1.196392785571142348e+01 1.018016487233971290e+01 1.009010413365197323e+01 1.028088396651971337e+01
1.197394789579158214e+01 1.019798662353838559e+01 1.010845598023445113e+01 1.029631065459353323e+01
1.198396793587174258e+01 1.021553758245623200e+01 1.012851951317447075e+01 1.031223584415604932e+01
1.199398797595190302e+01 1.023281446054632937e+01 1.014692322923084511e+01 1.032652446237822019e+01
1.200400801603206347e+01 1.024981427914829624e+01 1.016429778546357987e+01 1.034224571540548965e+01
1.201402805611222391e+01 1.026653438424147247e+01 1.018215343353433688e+01 1.035761925344895573e+01
1.202404809619238435e+01 1.028297245979610075e+01 1.020081655843769575e+01 1.037268826599567539e+01
1.203406813627254479e+01 1.029912653958279201e+01 1.021885812110242142e+01 1.038850574068509758e+01
1.204408817635270523e+01 1.031499501731433099e+01 1.023582619812404104e+01 1.040358378160507691e+01
1.205410821643286567e+01 1.033057665500992961e+01 1.025284585183608144e+01 1.041560576024210683e+01
1.206412825651302612e+01 1.034587058949015415e+01 1.027021742952241112e+01 1.042927467039061362e+01
1.207414829659318656e+01 1.036087633693047039e+01 1.028667807192997685e+01 1.044167875404873591e+01
1.208416833667334700e+01 1.037559379542254057e+01 1.030249577320108045e+01 1.045469994238791678e+01
1.209418837675350744e+01 1.039002324551453960e+01 1.031771120964964972e+01 1.046904926931021329e+01
1.210420841683366788e+01 1.040416534872439946e+01 1.033370656630194517e+01 1.048243200136297304e+01
1.211422845691382832e+01 1.041802114404268487e+01 1.034886720241217795e+01 1.049481590259839159e+01
1.212424849699398877e+01 1.043159204246430960e+01 1.036396334799958296e+01 1.050678311636524320e+01
1.213426853707414921e+01 1.044487981960996947e+01 1.037861331107947294e+01 1.051822338641069621e+01
1.214428857715430787e+01 1.045788660651874480e+01 1.039318458717362859e+01 1.052794120210940676e+01
1.215430861723446831e+01 1.047061487871240715e+01 1.040841634671771310e+01 1.053873682580438853e+01
1.216432865731462876e+01 1.048306744364900212e+01 1.042253632436143995e+01 1.054954499231159382e+01
1.217434869739478920e+01 1.049524742669845345e+01 1.043595920736826344e+01 1.056001243237011344e+01
1.218436873747494964e+01 1.050715825578549634e+01 1.044941671695534779e+01 1.057015036589279866e+01
1.219438877755511008e+01 1.051880364485541897e+01 1.046251581508674455e+01 1.057997012645883039e+01
1.220440881763527052e+01 1.053018757632564117e+01 1.047535328478088701e+01 1.058912396754286789e+01
1.221442885771543096e+01 1.054131428269106330e+01 1.048793110596703926e+01 1.059847660396997426e+01
1.222444889779559141e+01 1.055218822745339047e+01 1.050025155143881683e+01 1.060749477838306198e+01
1.223446893787575185e+01 1.056281408554444923e+01 1.051187250680493079e+01 1.061608376400032761e+01
1.224448897795591229e+01 1.057319672341091277e+01 1.052368830734019234e+01 1.062469448782879411e+01
1.225450901803607096e+01 1.058334117892308868e+01 1.053519734542791930e+01 1.063311677790576582e+01
1.226452905811623140e+01 1.059325264126371380e+01 1.054663188963467668e+01 1.064143271216074993e+01
1.227454909819639184e+01 1.060293643094420268e+01 1.055758484587640034e+01 1.064935655235720979e+01
1.228456913827655228e+01 1.061239798008596580e+01 1.056826375611988666e+01 1.065719364685933890e+01
1.229458917835671272e+01 1.062164281309335578e+01 1.057872726733151225e+01 1.066457526836975411e+01
1.230460921843687316e+01 1.063067652783277595e+01 1.058910848774257119e+01 1.067206169257676862e+01
1.231462925851703361e+01 1.063950477742003997e+01 1.059908243347513945e+01 1.067913180531067496e+01
1.232464929859719405e+01 1.064813325270503874e+01 1.060910811848005508e+01 1.068621315456971566e+01
1.233466933867735449e+01 1.065656766552982226e+01 1.061847415036435116e+01 1.069325409067367794e+01
1.234468937875751493e+01 1.066481373282322664e+01 1.062814304692469491e+01 1.069959573547317966e+01
1.235470941883767537e+01 1.067287716158257815e+01 1.063761907265455520e+01 1.070639243182020905e+01
1.236472945891783581e+01 1.068076363478088453e+01 1.064656011494195553e+01 1.071308748659824772e+01
1.237474949899799626e+01 1.068847879822634539e+01 1.065554949686374364e+01 1.071953980218388836e+01
1.238476953907815670e+01 1.069602824839030397e+01 1.066377776201843908e+01 1.072616556516422293e+01
1.239478957915831714e+01 1.070341752120974554e+01 1.067284021611103384e+01 1.073275407219015776e+01
1.240480961923847758e+01 1.071065208186136886e+01 1.068149165685224311e+01 1.073886173955578194e+01
1.241482965931863802e+01 1.071773731549615860e+01 1.068984783413576167e+01 1.074430155886333615e+01
1.242484969939879846e+01 1.072467851891609669e+01 1.069788559527250804e+01 1.075020055548051801e+01
1.243486973947895891e+01 1.073148089316845954e+01 1.070573683082972316e+01 1.075590038229189283e+01
1.244488977955911757e+01 1.073814953702770936e+01 1.071338378553150328e+01 1.076160466546080841e+01
1.245490981963927801e+01 1.074468944133062642e+01 1.072013251014186608e+01 1.076715363750609100e+01
1.246492985971943845e+01 1.075110548412660982e+01 1.072712707932362441e+01 1.077293872187981627e+01
1.247494989979959890e+01 1.075740242660232049e+01 1.073445378976885323e+01 1.077891603707420920e+01
1.248496993987975934e+01 1.076358490973772319e+01 1.074161862056514849e+01 1.078452938577029840e+01
1.249498997995991978e+01 1.076965745164918609e+01 1.074846242404180785e+01 1.078990539840106777e+01
1.250501002004008022e+01 1.077562444557444010e+01 1.075573081242374229e+01 1.079529465198406868e+01
1.251503006012024066e+01 1.078149015845399994e+01 1.076208463982567132e+01 1.080051359217604201e+01
1.252505010020040110e+01 1.078725873006379565e+01 1.076872973213933271e+01 1.080597029856339120e+01
1.253507014028056155e+01 1.079293417265442478e+01 1.077508537544897216e+01 1.081114800128278297e+01
1.254509018036072199e+01 1.079852037105338880e+01 1.078149878985698429e+01 1.081632858720969281e+01
1.255511022044088065e+01 1.080402108318793708e+01 1.078741073516009408e+01 1.082133075470550487e+01
1.256513026052104109e+01 1.080943994098767291e+01 1.079326541561563602e+01 1.082655714560094218e+01
1.257515030060120154e+01 1.081478045162776702e+01 1.079876804326116968e+01 1.083176941794045867e+01
1.258517034068136198e+01 1.082004599907544851e+01 1.080460930786408724e+01 1.083684012811675146e+01
1.259519038076152242e+01 1.082523984590443789e+01 1.081040935103434641e+01 1.084162615504689242e+01
1.260521042084168286e+01 1.083036513534397471e+01 1.081588760190770415e+01 1.084673462889226769e+01
1.261523046092184330e+01 1.083542489353117411e+01 1.082091198522818054e+01 1.085157187145222224e+01
1.262525050100200374e+01 1.084042203193752485e+01 1.082614777935945582e+01 1.085612502950772473e+01
1.263527054108216419e+01 1.084535934994238460e+01 1.083111442370798549e+01 1.086082215512962534e+01
1.264529058116232463e+01 1.085023953752838999e+01 1.083613254636781242e+01 1.086577146511622338e+01
1.265531062124248507e+01 1.085506517807563931e+01 1.084094910272806089e+01 1.087050760569105812e+01
1.266533066132264551e+01 1.085983875123348952e+01 1.084601471852056598e+01 1.087565557164949048e+01
1.267535070140280595e+01 1.086456263585060000e+01 1.085053503319375601e+01 1.088018626738407590e+01
1.268537074148296639e+01 1.086923911294564071e+01 1.085515792386045497e+01 1.088474045851808825e+01
1.269539078156312684e+01 1.087387036870280888e+01 1.086005672522104248e+01 1.088940161281913355e+01
1.270541082164328728e+01 1.087845849747782445e+01 1.086471760359520822e+01 1.089374628564938519e+01
1.271543086172344772e+01 1.088300550480161455e+01 1.086925840316347269e+01 1.089835552529672036e+01
1.272545090180360816e+01 1.088751331037031278e+01 1.087373078408558591e+01 1.090294255814397495e+01
1.273547094188376683e+01 1.089198375101148031e+01 1.087799817510501654e+01 1.090734756481385404e+01
1.274549098196392727e+01 1.089641858361768811e+01 1.088240220184792939e+01 1.091190488403704428e+01
1.275551102204408771e+01 1.090081948803976886e+01 1.088691346347896349e+01 1.091647673878831348e+01
1.276553106212424815e+01 1.090518806993300771e+01 1.089110462665129120e+01 1.092119577569774158e+01
1.277555110220440859e+01 1.090952586355059672e+01 1.089525260152483987e+01 1.092563906577453103e+01
1.278557114228456904e+01 1.091383433447948192e+01 1.089935918671051063e+01 1.093018773887170525e+01
1.279559118236472948e+01 1.091811488231457794e+01 1.090342611347758073e+01 1.093451407951209475e+01
1.280561122244488992e+01 1.092236884326801594e+01 1.090793691062698301e+01 1.093899398389154420e+01
1.281563126252505036e+01 1.092659749271080294e+01 1.091214316554274966e+01 1.094334817556388373e+01
1.282565130260521080e+01 1.093080204764481067e+01 1.091617813706211493e+01 1.094780667766866955e+01
1.283567134268537124e+01 1.093498366910359110e+01 1.092017646697612676e+01 1.095219598958751916e+01
1.284569138276552991e+01 1.093914346448095465e+01 1.092427061243379605e+01 1.095635495302952300e+01
1.285571142284569035e+01 1.094328248978674267e+01 1.092815464882071019e+01 1.096046251384638381e+01
1.286573146292585079e+01 1.094740175182949393e+01 1.093212805724037651e+01 1.096488094355245835e+01
1.287575150300601123e+01 1.095150221032618276e+01 1.093610384191007334e+01 1.096899264529958984e+01
1.288577154308617168e+01 1.095558477993934865e+01 1.093993825675778808e+01 1.097316688604080781e+01
1.289579158316633212e+01 1.095965033224233665e+01 1.094398617024102549e+01 1.097726260849551494e+01
1.290581162324649256e+01 1.096369969761347285e+01 1.094799167420817199e+01 1.098134552334710357e+01
1.291583166332665300e+01 1.096773366706026920e+01 1.095194817369353935e+01 1.098549256947339892e+01
1.292585170340681344e+01 1.097175299397488146e+01 1.095587132469362679e+01 1.098962385352438176e+01
1.293587174348697388e+01 1.097575839582216872e+01 1.095977788736180614e+01 1.099374025057259807e+01
1.294589178356713433e+01 1.097975055576188019e+01 1.096364384283128324e+01 1.099784258807335746e+01
1.295591182364729477e+01 1.098373012420648465e+01 1.096746363521342893e+01 1.100197012957297105e+01
1.296593186372745521e+01 1.098769772031634417e+01 1.097130887671357158e+01 1.100610483441036358e+01
1.297595190380761565e+01 1.099165393343391628e+01 1.097518332494654913e+01 1.101031490933979562e+01
1.298597194388777609e+01 1.099559932445873400e+01 1.097910298254639017e+01 1.101428878327727112e+01
1.299599198396793653e+01 1.099953442716495644e+01 1.098305254224217009e+01 1.101840599792553199e+01
1.300601202404809698e+01 1.100345974946328731e+01 1.098714929367473303e+01 1.102253519798947679e+01
1.301603206412825742e+01 1.100737577460906280e+01 1.099123664938975509e+01 1.102672976620677225e+01
1.302605210420841608e+01 1.101128296235833126e+01 1.099531506121017976e+01 1.103070921798101445e+01
1.303607214428857652e+01 1.101518175007369749e+01 1.099925759494739630e+01 1.103489836746807740e+01
1.304609218436873697e+01 1.101907255378175776e+01 1.100309301061786726e+01 1.103887039376309964e+01
1.305611222444889741e+01 1.102295576918383269e+01 1.100690179262045376e+01 1.104299794219857134e+01
1.306613226452905785e+01 1.102683177262179015e+01 1.101080362144079494e+01 1.104708955169861362e+01
1.307615230460921829e+01 1.103070092200061936e+01 1.101462403780138644e+01 1.105100622554803458e+01
1.308617234468937873e+01 1.103456355766944874e+01 1.101843726751677366e+01 1.105500113213495439e+01
1.309619238476953917e+01 1.103842000326263850e+01 1.102210625258715204e+01 1.105899031424606527e+01
1.310621242484969962e+01 1.104227056650253402e+01 1.102584309936142226e+01 1.106297407487342710e+01
1.311623246492986006e+01 1.104611553996544870e+01 1.102962380514120255e+01 1.106695270110024687e+01
1.312625250501002050e+01 1.104995520181236124e+01 1.103345939071420823e+01 1.107092838112559186e+01
1.313627254509017916e+01 1.105378981648581949e+01 1.103736708246994880e+01 1.107491567362293772e+01
1.314629258517033961e+01 1.105761963537445958e+01 1.104103879174038561e+01 1.107888423727697180e+01
1.315631262525050005e+01 1.106144489744650095e+01 1.104466925274110523e+01 1.108284988107911495e+01
1.316633266533066049e+01 1.106526582985358154e+01 1.104829903979734063e+01 1.108681118813389332e+01
1.317635270541082093e+01 1.106908264850619261e+01 1.105190442222077962e+01 1.109073090693976305e+01
1.318637274549098137e+01 1.107289555862195307e+01 1.105548879468396350e+01 1.109468045701019534e+01
1.319639278557114181e+01 1.107670475524794185e+01 1.105899546098675756e+01 1.109867112847867787e+01
1.320641282565130226e+01 1.108051042375820749e+01 1.106270326657233483e+01 1.110261708012306059e+01
1.321643286573146270e+01 1.108431274032759184e+01 1.106663481256031467e+01 1.110655489355318437e+01
1.322645290581162314e+01 1.108811187238291396e+01 1.107042411404744797e+01 1.111049898446272444e+01
1.323647294589178358e+01 1.109190797903255543e+01 1.107399021955529506e+01 1.111441309273330624e+01
1.324649298597194402e+01 1.109570121147540966e+01 1.107736884653328069e+01 1.111836961077576547e+01
1.325651302605210446e+01 1.109949171339016161e+01 1.108075897521739428e+01 1.112233885678636547e+01
1.326653306613226491e+01 1.110327962130577717e+01 1.108426426096735717e+01 1.112629632099309873e+01
1.327655310621242535e+01 1.110706506495411361e+01 1.108792477322273839e+01 1.113019578476845517e+01
1.328657314629258579e+01 1.111084816760541472e+01 1.109140711723403250e+01 1.113396697125544854e+01
1.329659318637274623e+01 1.111462904638756477e+01 1.109490478925436463e+01 1.113794093492734483e+01
1.330661322645290667e+01 1.111840781258979227e+01 1.109845620316280268e+01 1.114186882429151737e+01
1.331663326653306534e+01 1.112218457195161392e+01 1.110210305399680486e+01 1.114578301081534484e+01
1.332665330661322578e+01 1.112595942493766721e+01 1.110573832752315049e+01 1.114973338912787781e+01
1.333667334669338622e+01 1.112973246699912799e+01 1.110937223607763613e+01 1.115365853740181024e+01
1.334669338677354666e+01 1.113350378882234182e+01 1.111306861545064528e+01 1.115757248528057666e+01
1.335671342685370711e+01 1.113727347656527300e+01 1.111666347586603543e+01 1.116166238205524053e+01
1.336673346693386755e+01 1.114104161208236121e+01 1.112024756050554863e+01 1.116563799053824724e+01
1.337675350701402799e+01 1.114480827313833444e+01 1.112381093544033206e+01 1.116950336014760303e+01
1.338677354709418843e+01 1.114857353361151659e+01 1.112727520496688172e+01 1.117336396292513001e+01
1.339679358717434887e+01 1.115233746368712175e+01 1.113075832539558263e+01 1.117725072691000854e+01
1.340681362725450931e+01 1.115610013004102719e+01 1.113422547118502237e+01 1.118121610549782829e+01
1.341683366733466976e+01 1.115986159601449046e+01 1.113777066062461252e+01 1.118521599725370130e+01
1.342685370741482842e+01 1.116362192178023527e+01 1.114131049795099138e+01 1.118921869647934741e+01
1.343687374749498886e+01 1.116738116450033758e+01 1.114484201304159328e+01 1.119321955296555338e+01
1.344689378757514930e+01 1.117113937847629579e+01 1.114838761448030269e+01 1.119721864768146347e+01
1.345691382765530975e+01 1.117489661529168465e+01 1.115201058603481243e+01 1.120120617879299196e+01
1.346693386773547019e+01 1.117865292394774102e+01 1.115559640145854736e+01 1.120519332380051836e+01
1.347695390781563063e+01 1.118240835099223318e+01 1.115920748831759468e+01 1.120910555865289027e+01
1.348697394789579107e+01 1.118616294064192473e+01 1.116266620848174895e+01 1.121314118809381633e+01
1.349699398797595151e+01 1.118991673489898453e+01 1.116596863654408267e+01 1.121719028898032633e+01
1.350701402805611195e+01 1.119366977366160043e+01 1.116959321269665040e+01 1.122118032537347965e+01
1.351703406813627240e+01 1.119742209482909878e+01 1.117294326057370313e+01 1.122516907572137335e+01
1.352705410821643284e+01 1.120117373440184316e+01 1.117628331018364030e+01 1.122923908575969243e+01
1.353707414829659328e+01 1.120492472657616112e+01 1.117982144406314760e+01 1.123337083851763829e+01
1.354709418837675372e+01 1.120867510383455112e+01 1.118346218327842578e+01 1.123740877615787603e+01
1.355711422845691416e+01 1.121242489703139000e+01 1.118712356187436363e+01 1.124132823916028379e+01
1.356713426853707460e+01 1.121617413547438424e+01 1.119053505547923422e+01 1.124526871424306051e+01
1.357715430861723505e+01 1.121992284700194809e+01 1.119415397205916562e+01 1.124930586375785602e+01
1.358717434869739549e+01 1.122367105805674115e+01 1.119758957828154600e+01 1.125331535360470170e+01
1.359719438877755593e+01 1.122741879375551655e+01 1.120115398430247566e+01 1.125717106159846104e+01
1.360721442885771637e+01 1.123116607795551403e+01 1.120461720187862120e+01 1.126106175556631506e+01
1.361723446893787504e+01 1.123491293331750640e+01 1.120819045964139526e+01 1.126505391423777525e+01
1.362725450901803548e+01 1.123865938136573384e+01 1.121181552259539416e+01 1.126909090083671749e+01
1.363727454909819592e+01 1.124240544254481122e+01 1.121527306428743209e+01 1.127307576237611109e+01
1.364729458917835636e+01 1.124615113627381824e+01 1.121875383990664510e+01 1.127722051917299773e+01
1.365731462925851680e+01 1.124989648099767514e+01 1.122219016694886662e+01 1.128129660375799936e+01
1.366733466933867724e+01 1.125364149423595528e+01 1.122564281423571586e+01 1.128496666689822092e+01
1.367735470941883769e+01 1.125738619262925333e+01 1.122902388578140176e+01 1.128888460312272990e+01
1.368737474949899813e+01 1.126113059198324073e+01 1.123239676482223537e+01 1.129299607852275678e+01
1.369739478957915857e+01 1.126487470731051133e+01 1.123591179572043863e+01 1.129701685636904251e+01
1.370741482965931901e+01 1.126861855287033976e+01 1.123949354919478516e+01 1.130093207865951044e+01
1.371743486973947945e+01 1.127236214220644506e+01 1.124306609296797532e+01 1.130484718845437442e+01
1.372745490981963812e+01 1.127610548818287128e+01 1.124657060408407894e+01 1.130876219240120051e+01
1.373747494989979856e+01 1.127984860301806336e+01 1.125021016250535055e+01 1.131289512587887813e+01
1.374749498997995900e+01 1.128359149831724650e+01 1.125379044564684428e+01 1.131697731624632652e+01
1.375751503006011944e+01 1.128733418510317499e+01 1.125720471055734073e+01 1.132107623063691193e+01
1.376753507014027988e+01 1.129107667384535141e+01 1.126058032707571144e+01 1.132520454696280332e+01
1.377755511022044033e+01 1.129481897448777161e+01 1.126405742296339874e+01 1.132933286308555765e+01
1.378757515030060077e+01 1.129856109647528584e+01 1.126759570542354005e+01 1.133333358997012930e+01
1.379759519038076121e+01 1.130230304877864356e+01 1.127117550825033199e+01 1.133731805871760656e+01
1.380761523046092165e+01 1.130604483991827180e+01 1.127476841023935172e+01 1.134131413608110783e+01
1.381763527054108209e+01 1.130978647798687220e+01 1.127836121049097073e+01 1.134520823430311509e+01
1.382765531062124253e+01 1.131352797067088112e+01 1.128177619598504222e+01 1.134922342341322832e+01
1.383767535070140298e+01 1.131726932527085339e+01 1.128512963632527821e+01 1.135314889399233707e+01
1.384769539078156342e+01 1.132101054872082635e+01 1.128863954301401407e+01 1.135702872695657462e+01
1.385771543086172386e+01 1.132475164760671404e+01 1.129227405548226670e+01 1.136113617949321686e+01
1.386773547094188430e+01 1.132849262818377589e+01 1.129588056995702239e+01 1.136514817156524693e+01
1.387775551102204474e+01 1.133223349639320787e+01 1.129940356309438698e+01 1.136910059949205376e+01
1.388777555110220518e+01 1.133597425787791124e+01 1.130274708587761090e+01 1.137302256131721734e+01
1.389779559118236563e+01 1.133971491799746012e+01 1.130596960080946012e+01 1.137692237702350440e+01
1.390781563126252429e+01 1.134345548184232122e+01 1.130919183267153727e+01 1.138082201337692290e+01
1.391783567134268473e+01 1.134719595424736482e+01 1.131257263493415977e+01 1.138481442585872649e+01
1.392785571142284518e+01 1.135093633980469363e+01 1.131621392722902897e+01 1.138878401858741896e+01
1.393787575150300562e+01 1.135467664287582679e+01 1.131949089221914839e+01 1.139281970828486124e+01
1.394789579158316606e+01 1.135841686760327640e+01 1.132279592739135943e+01 1.139682618214538401e+01
1.395791583166332650e+01 1.136215701792154142e+01 1.132610068944705972e+01 1.140075327386338877e+01
1.396793587174348694e+01 1.136589709756755084e+01 1.132958045682528336e+01 1.140468035558036775e+01
1.397795591182364738e+01 1.136963711009058287e+01 1.133307658460319267e+01 1.140869225232382433e+01
1.398797595190380783e+01 1.137337705886168493e+01 1.133647566252286687e+01 1.141272292858315751e+01
1.399799599198396827e+01 1.137711694708261945e+01 1.133972768660610519e+01 1.141677705282342892e+01
1.400801603206412693e+01 1.138085677779436544e+01 1.134314753282410670e+01 1.142073678233502676e+01
1.401803607214428737e+01 1.138459655388519387e+01 1.134655310690754249e+01 1.142478405306315459e+01
1.402805611222444782e+01 1.138833627809833082e+01 1.135000734657140598e+01 1.142884782276441769e+01
1.403807615230460826e+01 1.139207595303923881e+01 1.135344892344221179e+01 1.143291159126270884e+01
1.404809619238476870e+01 1.139581558118253746e+01 1.135695801783651326e+01 1.143696729710282689e+01
1.405811623246492914e+01 1.139955516487857423e+01 1.136045595638656103e+01 1.144087148169961132e+01
1.406813627254508958e+01 1.140329470635965947e+01 1.136393835352500936e+01 1.144490888762810421e+01
1.407815631262525002e+01 1.140703420774599763e+01 1.136744790763324531e+01 1.144910409426496045e+01
1.408817635270541047e+01 1.141077367105131302e+01 1.137095743666517222e+01 1.145320240319306393e+01
1.409819639278557091e+01 1.141451309818820192e+01 1.137441740107935040e+01 1.145717747636066619e+01
1.410821643286573135e+01 1.141825249097320771e+01 1.137790580021633069e+01 1.146115113605649327e+01
1.411823647294589179e+01 1.142199185113163651e+01 1.138144552384863495e+01 1.146510601595768541e+01
1.412825651302605223e+01 1.142573118030215795e+01 1.138471010104309045e+01 1.146898907014459468e+01
1.413827655310621267e+01 1.142947048004113242e+01 1.138816576053842056e+01 1.147284283902530255e+01
1.414829659318637312e+01 1.143320975182676413e+01 1.139174993207922348e+01 1.147691268511190721e+01
1.415831663326653356e+01 1.143694899706301449e+01 1.139545809789796849e+01 1.148084813841717278e+01
1.416833667334669400e+01 1.144068821708333417e+01 1.139901098422549097e+01 1.148484276901353418e+01
1.417835671342685444e+01 1.144442741315420520e+01 1.140250244657701728e+01 1.148876698227504356e+01
1.418837675350701488e+01 1.144816658647849827e+01 1.140591672457212979e+01 1.149268068447459257e+01
1.419839679358717532e+01 1.145190573819867552e+01 1.140923158744297616e+01 1.149659428394361527e+01
1.420841683366733577e+01 1.145564486939981919e+01 1.141260931898276176e+01 1.150052473156835475e+01
1.421843687374749443e+01 1.145938398111251288e+01 1.141610182276033392e+01 1.150445992933393669e+01
1.422845691382765487e+01 1.146312307431558608e+01 1.141969525634479155e+01 1.150839509100522307e+01
1.423847695390781531e+01 1.146686214993869690e+01 1.142321929991157425e+01 1.151239642946890029e+01
1.424849699398797576e+01 1.147060120886481904e+01 1.142664326337229319e+01 1.151632066392187426e+01
1.425851703406813620e+01 1.147434025193257945e+01 1.143003768696445199e+01 1.152020037544609110e+01
1.426853707414829664e+01 1.147807927993848054e+01 1.143363426722171106e+01 1.152425955326902240e+01
1.427855711422845708e+01 1.148181829363902473e+01 1.143694442329258187e+01 1.152836714099155557e+01
1.428857715430861575e+01 1.148555729375271639e+01 1.144040631634305250e+01 1.153243023096611708e+01
1.429859719438877619e+01 1.148929628096197497e+01 1.144359154010941815e+01 1.153650376975321734e+01
1.430861723446893663e+01 1.149303525591494335e+01 1.144678196746760435e+01 1.154056772214568127e+01
1.431863727454909707e+01 1.149677421922721265e+01 1.145037522718964240e+01 1.154454748947422615e+01
1.432865731462925751e+01 1.150051317148345476e+01 1.145393517917829485e+01 1.154848178893525557e+01
1.433867735470941795e+01 1.150425211323897656e+01 1.145740558210278692e+01 1.155241605342627942e+01
1.434869739478957840e+01 1.150799104502119086e+01 1.146083044972261966e+01 1.155635028446282853e+01
1.435871743486973884e+01 1.151172996733102671e+01 1.146425525910384380e+01 1.156034200356110730e+01
1.436873747494989928e+01 1.151546888064425112e+01 1.146768001279862759e+01 1.156446775006932626e+01
1.437875751503005972e+01 1.151920778541273194e+01 1.147110471324731407e+01 1.156849024384621494e+01
1.438877755511022016e+01 1.152294668206564765e+01 1.147452936278331492e+01 1.157260558319857857e+01
1.439879759519038060e+01 1.152668557101061353e+01 1.147794984889932479e+01 1.157657996112443222e+01
1.440881763527054105e+01 1.153042445263477944e+01 1.148137851794414921e+01 1.158054415426228978e+01
1.441883767535070149e+01 1.153416332730584415e+01 1.148478589996853927e+01 1.158450831704076656e+01
1.442885771543086193e+01 1.153790219537304118e+01 1.148826377412450839e+01 1.158843436534083082e+01
1.443887775551102237e+01 1.154164105716806255e+01 1.149174347291401510e+01 1.159243655661171069e+01
1.444889779559118281e+01 1.154537991300593980e+01 1.149513587467119358e+01 1.159640063581623792e+01
1.445891783567134325e+01 1.154911876318588426e+01 1.149854411444495383e+01 1.160036468949002852e+01
1.446893787575150370e+01 1.155285760799207750e+01 1.150215035963368848e+01 1.160432871871511651e+01
1.447895791583166414e+01 1.155659644769442451e+01 1.150575660435823977e+01 1.160829272452767924e+01
1.448897795591182458e+01 1.156033528254927845e+01 1.150936284864745751e+01 1.161233644046253310e+01
1.449899799599198502e+01 1.156407411280011388e+01 1.151292233429124678e+01 1.161646996704151746e+01
1.450901803607214369e+01 1.156781293867817872e+01 1.151644498020936780e+01 1.162062507842470360e+01
1.451903807615230413e+01 1.157155176040310351e+01 1.151995561917740396e+01 1.162468461343013715e+01
1.452905811623246457e+01 1.157529057818349116e+01 1.152343037459334063e+01 1.162870613725417357e+01
1.453907815631262501e+01 1.157902939221746053e+01 1.152686982681466077e+01 1.163266276998815840e+01
1.454909819639278545e+01 1.158276820269318641e+01 1.153020004851526004e+01 1.163661939117881339e+01
1.455911823647294590e+01 1.158650700978938985e+01 1.153353025126770426e+01 1.164066291895695926e+01
1.456913827655310634e+01 1.159024581367581241e+01 1.153697986441413548e+01 1.164465681414617926e+01
1.457915831663326678e+01 1.159398461451367446e+01 1.154063812064778993e+01 1.164875485227978835e+01
1.458917835671342544e+01 1.159772341245609617e+01 1.154389245038915490e+01 1.165290325255616288e+01
1.459919839679358589e+01 1.160146220764850788e+01 1.154731944933148391e+01 1.165705165282610523e+01
1.460921843687374633e+01 1.160520100022903556e+01 1.155091659338720156e+01 1.166120005309006658e+01
1.461923847695390677e+01 1.160893979032886492e+01 1.155451373740535104e+01 1.166530731059441095e+01
1.462925851703406721e+01 1.161267857807259851e+01 1.155811088138840859e+01 1.166931803939066370e+01
1.463927855711422765e+01 1.161641736357857191e+01 1.156155193874645271e+01 1.167335287785885356e+01
1.464929859719438809e+01 1.162015614695918586e+01 1.156489938048894395e+01 1.167749890967548865e+01
1.465931863727454854e+01 1.162389492832119053e+01 1.156841395117236004e+01 1.168166339201748727e+01
1.466933867735470898e+01 1.162763370776597327e+01 1.157163369727734903e+01 1.168580572188510303e+01
1.467935871743486942e+01 1.163137248538983215e+01 1.157507791341984849e+01 1.168978931168699198e+01
1.468937875751502986e+01 1.163511126128423001e+01 1.157852696741905518e+01 1.169377289653971275e+01
1.469939879759519030e+01 1.163885003553602893e+01 1.158203547145764567e+01 1.169776276306622087e+01
1.470941883767535074e+01 1.164258880822773357e+01 1.158546971969671269e+01 1.170178414049611071e+01
1.471943887775551119e+01 1.164632757943770613e+01 1.158879846805048075e+01 1.170581966685174002e+01
1.472945891783567163e+01 1.165006634924036533e+01 1.159217800358114481e+01 1.170989496594828694e+01
1.473947895791583207e+01 1.165380511770640126e+01 1.159577327045152551e+01 1.171405149604089146e+01
1.474949899799599251e+01 1.165754388490294780e+01 1.159936853706451565e+01 1.171805889330269146e+01
1.475951903807615295e+01 1.166128265089376548e+01 1.160296380343477551e+01 1.172210832420712556e+01
1.476953907815631339e+01 1.166502141573941742e+01 1.160646722661634200e+01 1.172611350653805751e+01
1.477955911823647384e+01 1.166876017949742383e+01 1.160994966905090919e+01 1.173000599608386274e+01
1.478957915831663428e+01 1.167249894222241124e+01 1.161343941074840913e+01 1.173394144544746709e+01
1.479959919839679472e+01 1.167623770396626526e+01 1.161693028880360679e+01 1.173800823011994510e+01
1.480961923847695338e+01 1.167997646477826734e+01 1.162035438993716241e+01 1.174201852385476563e+01
1.481963927855711383e+01 1.168371522470522272e+01 1.162393404710041622e+01 1.174605836849474372e+01
1.482965931863727427e+01 1.168745398379158473e+01 1.162752199958200094e+01 1.175009821274955080e+01
1.483967935871743471e+01 1.169119274207957204e+01 1.163110995199098596e+01 1.175413805663876765e+01
1.484969939879759515e+01 1.169493149960928768e+01 1.163462246499237907e+01 1.175817790018098385e+01
1.485971943887775559e+01 1.169867025641881675e+01 1.163809721655707818e+01 1.176221774339383863e+01
1.486973947895791603e+01 1.170240901254433119e+01 1.164157196809006400e+01 1.176625758629407947e+01
1.487975951903807470e+01 1.170614776802018753e+01 1.164490783118096751e+01 1.177029742889759945e+01
1.488977955911823514e+01 1.170988652287901743e+01 1.164829201107668055e+01 1.177433727121948515e+01
1.489979959919839558e+01 1.171362527715181301e+01 1.165165020350335823e+01 1.177837711327405579e+01
1.490981963927855602e+01 1.171736403086800848e+01 1.165500839244345954e+01 1.178241695507490050e+01
1.491983967935871647e+01 1.172110278405556016e+01 1.165836657804810983e+01 1.178645679663492096e+01
1.492985971943887691e+01 1.172484153674102103e+01 1.166172476046188322e+01 1.179049663796636160e+01
1.493987975951903735e+01 1.172858028894961002e+01 1.166508293982308686e+01 1.179453647908084157e+01
1.494989979959919779e+01 1.173231904070527776e+01 1.166844111626402913e+01 1.179857294872922324e+01
1.495991983967935823e+01 1.173605779203077581e+01 1.167185247218854727e+01 1.180255540584304974e+01
1.496993987975951867e+01 1.173979654294770825e+01 1.167527014232427973e+01 1.180651991498999465e+01
1.497995991983967912e+01 1.174353529347659730e+01 1.167873454560570678e+01 1.181048442315995572e+01
1.498997995991983956e+01 1.174727404363693317e+01 1.168210386404347290e+01 1.181444893039789434e+01
1.500000000000000000e+01 1.175101279344722727e+01 1.168557908337247575e+01 1.181842190621208566e+01
