1.000000000000000000e+01 9.998488864117162089e-01 9.996824651712993282e-01 9.999081506958626964e-01
1.001002004008016044e+01 9.998404308232536897e-01 9.996656149268662306e-01 9.999028408793941836e-01
1.002004008016032088e+01 9.998315340753048952e-01 9.996479369877572241e-01 9.998972517210512612e-01
1.003006012024048133e+01 9.998221750304157052e-01 9.996293944207892412e-01 9.998913617135227749e-01
1.004008016032064177e+01 9.998123316432390162e-01 9.996099488420666646e-01 9.998851559091604946e-01
1.005010020040080221e+01 9.998019809270781710e-01 9.995895603698619070e-01 9.998786119195037791e-01
1.006012024048096265e+01 9.997910989194715992e-01 9.995681875764347302e-01 9.998717170419926248e-01
1.007014028056112309e+01 9.997796606468094538e-01 9.995457874387863040e-01 9.998644562951291004e-01
1.008016032064128176e+01 9.997676400879657033e-01 9.995223152883477846e-01 9.998568117996056159e-01
1.009018036072144220e+01 9.997550101369345743e-01 9.994977247596036340e-01 9.998487583054929129e-01
1.010020040080160264e+01 9.997417425644575806e-01 9.994719677376515676e-01 9.998402779058425116e-01
1.011022044088176308e+01 9.997278079786311444e-01 9.994449943047021279e-01 9.998313540095217222e-01
1.012024048096192352e+01 9.997131757844811561e-01 9.994167526855226580e-01 9.998219653085623770e-01
1.013026052104208397e+01 9.996978141424974762e-01 9.993871891918311157e-01 9.998120895766688943e-01
1.014028056112224441e+01 9.996816899261148359e-01 9.993562481656488306e-01 9.998017036352201403e-01
1.015030060120240485e+01 9.996647686781350295e-01 9.993238719216190891e-01 9.997907833182881898e-01
1.016032064128256529e+01 9.996470145660808493e-01 9.992900006883050912e-01 9.997793034366686538e-01
1.017034068136272573e+01 9.996283903364732160e-01 9.992545725484789365e-01 9.997672377408983735e-01
1.018036072144288617e+01 9.996088572680287276e-01 9.992175233784157395e-01 9.997545588832539298e-01
1.019038076152304662e+01 9.995883751237699677e-01 9.991787867862106376e-01 9.997412383787153134e-01
1.020040080160320706e+01 9.995669021020470169e-01 9.991382940491353448e-01 9.997272529175067479e-01
1.021042084168336750e+01 9.995443947864638412e-01 9.990959740500581221e-01 9.997125718699909624e-01
1.022044088176352616e+01 9.995208080947132201e-01 9.990517532129455924e-01 9.996971578563560445e-01
1.023046092184368661e+01 9.994960952263144405e-01 9.990055554374732694e-01 9.996809775318482583e-01
1.024048096192384705e+01 9.994702076092593090e-01 9.989573020327731090e-01 9.996639962093399889e-01
1.025050100200400749e+01 9.994430948455669261e-01 9.989069116503449530e-01 9.996461778141448873e-01
1.026052104208416793e+01 9.994147046557503300e-01 9.988543002161640594e-01 9.996274848377387778e-01
1.027054108216432837e+01 9.993849828222037823e-01 9.987993808620198033e-01 9.996078782903782267e-01
1.028056112224448881e+01 9.993538731315132484e-01 9.987420638561207431e-01 9.995873176526127724e-01
1.029058116232464926e+01 9.993213173157037277e-01 9.986822565330059076e-01 9.995657608256856008e-01
1.030060120240480970e+01 9.992872549924292080e-01 9.986198632228030503e-01 9.995431640808197793e-01
1.031062124248497014e+01 9.992516236041212307e-01 9.985547851798780572e-01 9.995194820073880493e-01
1.032064128256513058e+01 9.992143583561087228e-01 9.984869205109234702e-01 9.994946674599654024e-01
1.033066132264529102e+01 9.991753921537241956e-01 9.984161641025336431e-01 9.994686715042645497e-01
1.034068136272545146e+01 9.991346555384158501e-01 9.983424075483210425e-01 9.994414433619583926e-01
1.035070140280561191e+01 9.990920766228854610e-01 9.982655390756262070e-01 9.994129303543894949e-01
1.036072144288577235e+01 9.990475810252734679e-01 9.981854434718819835e-01 9.993830778451758823e-01
1.037074148296593101e+01 9.990010918024160302e-01 9.981020020106907698e-01 9.993518291817151677e-01
1.038076152304609145e+01 9.989525293822010266e-01 9.980150925406701123e-01 9.993191256355999919e-01
1.039078156312625190e+01 9.989018114950513061e-01 9.979246146133580186e-01 9.992849080744852230e-01
1.040080160320641234e+01 9.988488531045680574e-01 9.978304151568959668e-01 9.992491225450745862e-01
1.041082164328657278e+01 9.987935663373644912e-01 9.977323607889156953e-01 9.992116941244773010e-01
1.042084168336673322e+01 9.987358604121308048e-01 9.976303142483039510e-01 9.991725119761371010e-01
1.043086172344689366e+01 9.986756415679653998e-01 9.975241343212386536e-01 9.991315761313579458e-01
1.044088176352705410e+01 9.986128129920157637e-01 9.974136757674519904e-01 9.990887859702578533e-01
1.045090180360721455e+01 9.985472747464720911e-01 9.972987892468065940e-01 9.990440664763492462e-01
1.046092184368737499e+01 9.984789236949612734e-01 9.971793212462702893e-01 9.989973400429874584e-01
1.047094188376753543e+01 9.984076534283897741e-01 9.970551140073827812e-01 9.989485264046522595e-01
1.048096192384769587e+01 9.983333541902884578e-01 9.969260054543064298e-01 9.988975712912830929e-01
1.049098196392785631e+01 9.982559128017149952e-01 9.967918291225581484e-01 9.988444517595599370e-01
1.050100200400801675e+01 9.981752125857693558e-01 9.966524140885241190e-01 9.987888419084316460e-01
1.051102204408817542e+01 9.980911332917885570e-01 9.965075848998563579e-01 9.987307391092381526e-01
1.052104208416833586e+01 9.980035510192786230e-01 9.963571615068619325e-01 9.986701458797648812e-01
1.053106212424849630e+01 9.979123381416550309e-01 9.962009591949898546e-01 9.986069656596824329e-01
1.054108216432865675e+01 9.978173632298605877e-01 9.960387885185285617e-01 9.985410559741464409e-01
1.055110220440881719e+01 9.977184909759336806e-01 9.958704552356282269e-01 9.984723127117631769e-01
1.056112224448897763e+01 9.976155821166018400e-01 9.956957602447658040e-01 9.984006284475051007e-01
1.057114228456913807e+01 9.975084933569835499e-01 9.955144995227720450e-01 9.983258923666886719e-01
1.058116232464929851e+01 9.973970772944765750e-01 9.953264640645433925e-01 9.982479901884800944e-01
1.059118236472945895e+01 9.972811823429224010e-01 9.951314398245626469e-01 9.981668040889871696e-01
1.060120240480961940e+01 9.971606526571309415e-01 9.949292076603585278e-01 9.980822126239974335e-01
1.061122244488977984e+01 9.970353280578628796e-01 9.947195432780326918e-01 9.979940906514296328e-01
1.062124248496994028e+01 9.969050439573597933e-01 9.945022171799847710e-01 9.979023092535623807e-01
1.063126252505010072e+01 9.967696312855232055e-01 9.942769946149745408e-01 9.978067356591131531e-01
1.064128256513026116e+01 9.966289164168430359e-01 9.940436355306520033e-01 9.977072331652401260e-01
1.065130260521042160e+01 9.964827210981787031e-01 9.938018945286994921e-01 9.976036610595433451e-01
1.066132264529058205e+01 9.963308623775023465e-01 9.935515208227215789e-01 9.974958745421452777e-01
1.067134268537074071e+01 9.961731525337130799e-01 9.932922581990282218e-01 9.973836208894142352e-01
1.068136272545090115e+01 9.960093990076365200e-01 9.930238449804531520e-01 9.972667352168278487e-01
1.069138276553106159e+01 9.958394043343244961e-01 9.927460139933517169e-01 9.971451562999348317e-01
1.070140280561122204e+01 9.956629660767771783e-01 9.924584925379272837e-01 9.970187210841705561e-01
1.071142284569138248e+01 9.954798767612057508e-01 9.921610023620303087e-01 9.968872619910165156e-01
1.072144288577154292e+01 9.952899238139641946e-01 9.918532596385816191e-01 9.967506068407133712e-01
1.073146292585170336e+01 9.950928895002754127e-01 9.915349749467644580e-01 9.966085787756706615e-01
1.074148296593186380e+01 9.948885508648819265e-01 9.912058532571411673e-01 9.964609961846810915e-01
1.075150300601202424e+01 9.946766796747554817e-01 9.908655939208380614e-01 9.963076726280460926e-01
1.076152304609218469e+01 9.944570423639988999e-01 9.905138906629517015e-01 9.961484167637278953e-01
1.077154308617234513e+01 9.942293999810771776e-01 9.901504315803282275e-01 9.959830322746398013e-01
1.078156312625250557e+01 9.939935081385206095e-01 9.897748991438609645e-01 9.958113177971984475e-01
1.079158316633266601e+01 9.937491169652371559e-01 9.893869702054592929e-01 9.956330668512541893e-01
1.080160320641282468e+01 9.934959710615810513e-01 9.889863160098361083e-01 9.954480677715289438e-01
1.081162324649298512e+01 9.932338094573217591e-01 9.885726022112603095e-01 9.952561036406859518e-01
1.082164328657314556e+01 9.929623655726602660e-01 9.881454888954227522e-01 9.950569522241637932e-01
1.083166332665330600e+01 9.926813671824425978e-01 9.877046306065585535e-01 9.948503859069062205e-01
1.084168336673346644e+01 9.923905363837185467e-01 9.872496763799698538e-01 9.946361716321256985e-01
1.085170340681362688e+01 9.920895895667996012e-01 9.867802697800902578e-01 9.944140708422376518e-01
1.086172344689378733e+01 9.917782373899647341e-01 9.862960489442295087e-01 9.941838394221057529e-01
1.087174348697394777e+01 9.914561847579717035e-01 9.857966466321347321e-01 9.939452276447451329e-01
1.088176352705410821e+01 9.911231308045240773e-01 9.852816902815018096e-01 9.936979801196237361e-01
1.089178356713426865e+01 9.907787688788485259e-01 9.847508020695694420e-01 9.934418357437154734e-01
1.090180360721442909e+01 9.904227865365403671e-01 9.842035989809188035e-01 9.931765276554497257e-01
1.091182364729458953e+01 9.900548655348280214e-01 9.836396928816066865e-01 9.929017831917121839e-01
1.092184368737474998e+01 9.896746818324114736e-01 9.830586905997502623e-01 9.926173238480500149e-01
1.093186372745491042e+01 9.892819055940318407e-01 9.824601940126770350e-01 9.923228652422344531e-01
1.094188376753507086e+01 9.888762011999215895e-01 9.818438001407548965e-01 9.920181170813388016e-01
1.095190380761523130e+01 9.884572272602902832e-01 9.812091012480042007e-01 9.917027831324891629e-01
1.096192384769538997e+01 9.880246366349971776e-01 9.805556849495959959e-01 9.913765611974463265e-01
1.097194388777555041e+01 9.875780764585584404e-01 9.798831343263302296e-01 9.910391430911777988e-01
1.098196392785571085e+01 9.871171881706422013e-01 9.791910280461860738e-01 9.906902146245797347e-01
1.099198396793587129e+01 9.866416075521921014e-01 9.784789404930245293e-01 9.903294555915118647e-01
1.100200400801603173e+01 9.861509647673292189e-01 9.777464419025249098e-01 9.899565397603020678e-01
1.101202404809619217e+01 9.856448844111697083e-01 9.769930985054249284e-01 9.895733733056910619e-01
1.102204408817635262e+01 9.851229855637019250e-01 9.762184726781272248e-01 9.891778459809035251e-01
1.103206412825651306e+01 9.845848818498544874e-01 9.754221231007313975e-01 9.887693461289716046e-01
1.104208416833667350e+01 9.840301815058921653e-01 9.746036049225407227e-01 9.883475329844120250e-01
1.105210420841683394e+01 9.834584874522681597e-01 9.737624699350834190e-01 9.879120601091302412e-01
1.106212424849699438e+01 9.828693973730558975e-01 9.728982667526870909e-01 9.874625754201850070e-01
1.107214428857715482e+01 9.822625038020846855e-01 9.720105410006253388e-01 9.869987212230556528e-01
1.108216432865731527e+01 9.816373942158946875e-01 9.710988355108597370e-01 9.865201342505606208e-01
1.109218436873747393e+01 9.809936511336224685e-01 9.701626905253822875e-01 9.860264457075648137e-01
1.110220440881763437e+01 9.803308522239269074e-01 9.692016439071574618e-01 9.855172813216177552e-01
1.111222444889779482e+01 9.796485704190533994e-01 9.682152313586557257e-01 9.849922613996556775e-01
1.112224448897795526e+01 9.789463740361352695e-01 9.672029866479567861e-01 9.844510008909037602e-01
1.113226452905811570e+01 9.782238269058201041e-01 9.661644418423941394e-01 9.838931094561046420e-01
1.114228456913827614e+01 9.774804885083063777e-01 9.650991275497020627e-01 9.833181915432018805e-01
1.115230460921843658e+01 9.767159141168662018e-01 9.640065731666145332e-01 9.827258464695981521e-01
1.116232464929859702e+01 9.759296549489236972e-01 9.628803923001683085e-01 9.821156685111070983e-01
1.117234468937875747e+01 9.751212583247542698e-01 9.617306465790115277e-01 9.814842774076443233e-01
1.118236472945891791e+01 9.742902678338567490e-01 9.605559322582646331e-01 9.808339685622107229e-01
1.119238476953907835e+01 9.734362235090492366e-01 9.593522396386877649e-01 9.801643624923814802e-01
1.120240480961923879e+01 9.725586620083240819e-01 9.581186768778665597e-01 9.794750250057235874e-01
1.121242484969939923e+01 9.716571168044985107e-01 9.568527646380846630e-01 9.787655171554104916e-01
1.122244488977955967e+01 9.707311183826766721e-01 9.555563065917374033e-01 9.780353953688745161e-01
1.123246492985972012e+01 9.697801944455430867e-01 9.542288322666784284e-01 9.772842115839920352e-01
1.124248496993988056e+01 9.688038701264862773e-01 9.528698725390640778e-01 9.765115133928821134e-01
1.125250501002004100e+01 9.678016682105514690e-01 9.514789599513875373e-01 9.757168441933941061e-01
1.126252505010019966e+01 9.667731093632048189e-01 9.500556290367020429e-01 9.748997433483492792e-01
1.127254509018036011e+01 9.657177123668845287e-01 9.485994166488489476e-01 9.740597463525954014e-01
1.128256513026052055e+01 9.646349943653074188e-01 9.471098622984972515e-01 9.731945676723581240e-01
1.129258517034068099e+01 9.635244711154798969e-01 9.455865084947880916e-01 9.723050456611039838e-01
1.130260521042084143e+01 9.623856572473615811e-01 9.440289010923635926e-01 9.713910640157160659e-01
1.131262525050100187e+01 9.612180665311133021e-01 9.424365896435551448e-01 9.704521387115687681e-01
1.132264529058116231e+01 9.600212121518525432e-01 9.408091277554848642e-01 9.694877826674203058e-01
1.133266533066132276e+01 9.587946069918263925e-01 9.391460734518332076e-01 9.684975059596664382e-01
1.134268537074148320e+01 9.575377639199021962e-01 9.374469895390038499e-01 9.674808160447094796e-01
1.135270541082164364e+01 9.562501960882657803e-01 9.357114439764150360e-01 9.664372179894354931e-01
1.136272545090180408e+01 9.549314172362017850e-01 9.339390102506284208e-01 9.653662147097844537e-01
1.137274549098196452e+01 9.535809420008234394e-01 9.321292677530208515e-01 9.642673072173821858e-01
1.138276553106212496e+01 9.521982862346027865e-01 9.302818021606898968e-01 9.631399948741997674e-01
1.139278557114228363e+01 9.507829673295469242e-01 9.283962058202765988e-01 9.619888678434931339e-01
1.140280561122244407e+01 9.493345045478440714e-01 9.264720781343744882e-01 9.608108938605093297e-01
1.141282565130260451e+01 9.478524193588043767e-01 9.245090259501926866e-01 9.596019954380574646e-01
1.142284569138276495e+01 9.463362357818945192e-01 9.225066639501164900e-01 9.583619040383263288e-01
1.143286573146292540e+01 9.447854807356640405e-01 9.204646150438160479e-01 9.570912203238378657e-01
1.144288577154308584e+01 9.431996843923438067e-01 9.183823911558653963e-01 9.557894510207246563e-01
1.145290581162324628e+01 9.415783805378874494e-01 9.162599916481612983e-01 9.544561034231752172e-01
1.146292585170340672e+01 9.399211069372114258e-01 9.140967076577722894e-01 9.530906857076409944e-01
1.147294589178356716e+01 9.382274057043828996e-01 9.118923185481335736e-01 9.516927072539494992e-01
1.148296593186372760e+01 9.364968236774892096e-01 9.096464942748825333e-01 9.502616789731600511e-01
1.149298597194388805e+01 9.347289127979088175e-01 9.073589153849099809e-01 9.487971136419950380e-01
1.150300601202404849e+01 9.329232304937007392e-01 9.050292734085562119e-01 9.472985262436596221e-01
1.151302605210420893e+01 9.310793400668070374e-01 9.026572712501941265e-01 9.457654343148570453e-01
1.152304609218436937e+01 9.291968110837612871e-01 9.002426235767766460e-01 9.441973582987881475e-01
1.153306613226452981e+01 9.272752197695803833e-01 8.977763221364325474e-01 9.425938219039192711e-01
1.154308617234469025e+01 9.253141494045041826e-01 8.952532435279821899e-01 9.409543524682834059e-01
1.155310621242484892e+01 9.233131907232464686e-01 8.927039142121223625e-01 9.392784813290712131e-01
1.156312625250500936e+01 9.212719423163947541e-01 8.901228100369726892e-01 9.375632559127105026e-01
1.157314629258516980e+01 9.191900110336077567e-01 8.874981586682505474e-01 9.358102266083586640e-01
1.158316633266533024e+01 9.170670123882258551e-01 8.848297612633384546e-01 9.340192584453829161e-01
1.159318637274549069e+01 9.149025709629213798e-01 8.821174333783904364e-01 9.321898977261380281e-01
1.160320641282565113e+01 9.126963208159946106e-01 8.793610053188537501e-01 9.303216966092436868e-01
1.161322645290581157e+01 9.104479058879157982e-01 8.765603224838164342e-01 9.284138328205590041e-01
1.162324649298597201e+01 9.081569804077087582e-01 8.737152457037377085e-01 9.264593600362340808e-01
1.163326653306613245e+01 9.058232092987582584e-01 8.708256515711043644e-01 9.244643597418786829e-01
1.164328657314629289e+01 9.034462685836192053e-01 8.678914327635722792e-01 9.224284004278558990e-01
1.165330661322645334e+01 9.010258457874019689e-01 8.649124983591455207e-01 9.203510583415286384e-01
1.166332665330661378e+01 8.985616403392945317e-01 8.618887741429496208e-01 9.182319179035498546e-01
1.167334669338677422e+01 8.960533639717824794e-01 8.588202029051602571e-01 9.160705721259840839e-01
1.168336673346693289e+01 8.935007411171217440e-01 8.557067447296533569e-01 9.138666230318721606e-01
1.169338677354709333e+01 8.909035093006086869e-01 8.525353926878608268e-01 9.116196820758423192e-01
1.170340681362725377e+01 8.882614195301998805e-01 8.492963750648804266e-01 9.093293705653665571e-01
1.171342685370741421e+01 8.855742366820146261e-01 8.460109912959843381e-01 9.069953200822393757e-01
1.172344689378757465e+01 8.828417398812633543e-01 8.426792467336997605e-01 9.046171729038648968e-01
1.173346693386773509e+01 8.800637228781366117e-01 8.393233567704607712e-01 9.021974690645692130e-01
1.174348697394789554e+01 8.772399944181892284e-01 8.359267765595777000e-01 8.997431805485642808e-01
1.175350701402805598e+01 8.743703786067503758e-01 8.324850621520500926e-01 8.972444199046568647e-01
1.176352705410821642e+01 8.714547152668941088e-01 8.289983140048424737e-01 8.947008920795219700e-01
1.177354709418837686e+01 8.684928602905016559e-01 8.254666520913250816e-01 8.921123148713736573e-01
1.178356713426853730e+01 8.654846859819497196e-01 8.218766221969535657e-01 8.894784193303723052e-01
1.179358717434869774e+01 8.624300813939571597e-01 8.182097021158283301e-01 8.867989501553867893e-01
1.180360721442885819e+01 8.593289526551300961e-01 8.145161935995456348e-01 8.840736660866458374e-01
1.181362725450901863e+01 8.561812232887422436e-01 8.108266435883973999e-01 8.813023402938086059e-01
1.182364729458917907e+01 8.529868345222957338e-01 8.070639127552678982e-01 8.785158080198492980e-01
1.183366733466933951e+01 8.497457455874083410e-01 8.032111245718736026e-01 8.756376825699132560e-01
1.184368737474949818e+01 8.464579340095811366e-01 7.993128215068893150e-01 8.727122693023711131e-01
1.185370741482965862e+01 8.431233958874010392e-01 7.953692578139700542e-01 8.697526095953425074e-01
1.186372745490981906e+01 8.397421461607491588e-01 7.914607441914431885e-01 8.667482042456349234e-01
1.187374749498997950e+01 8.363142188675796174e-01 7.875139574322189695e-01 8.636967202435459345e-01
1.188376753507013994e+01 8.328396673888511792e-01 7.835258196525404228e-01 8.605980421466190577e-01
1.189378757515030038e+01 8.293185646811993550e-01 7.794967067354188206e-01 8.574520718246757545e-01
1.190380761523046083e+01 8.257510034969464119e-01 7.754270149641940835e-01 8.542587287853463662e-01
1.191382765531062127e+01 8.221370965910530515e-01 7.713171609901477987e-01 8.510179504902973813e-01
1.192384769539078171e+01 8.184769769146331697e-01 7.671124366991850518e-01 8.477292193420443711e-01
1.193386773547094215e+01 8.147707977946574420e-01 7.628512922474325331e-01 8.443704850765013648e-01
1.194388777555110259e+01 8.110187330994869104e-01 7.586059758019988442e-01 8.409719702723882362e-01
1.195390781563126303e+01 8.072209773898891827e-01 7.542894210608277472e-01 8.375609527673170129e-01
1.196392785571142348e+01 8.033777460552049554e-01 7.499365789936897064e-01 8.341016358596492486e-01
1.197394789579158214e+01 7.994892754343447816e-01 7.455378225609965437e-01 8.305759754400959816e-01
1.198396793587174258e+01 7.955558229213048893e-01 7.410994864264309756e-01 8.270029691082783074e-01
1.199398797595190302e+01 7.915776670549263816e-01 7.366232563443529946e-01 8.233827080763309603e-01
1.200400801603206347e+01 7.875551075926043865e-01 7.321393059074940979e-01 8.197153038636837419e-01
1.201402805611222391e+01 7.834884655677027965e-01 7.275787529028480138e-01 8.160008884959464304e-01
1.202404809619238435e+01 7.793780833304277955e-01 7.229711396507499943e-01 8.122396146898056557e-01
1.203406813627254479e+01 7.752243245719360187e-01 7.183001924792731252e-01 8.084316560235716986e-01
1.204408817635270523e+01 7.710275743314729535e-01 7.135929842173494020e-01 8.045619923987444855e-01
1.205410821643286567e+01 7.667882389863492909e-01 7.089118296131716734e-01 8.006323198603020330e-01
1.206412825651302612e+01 7.625067462245934680e-01 7.042091727368439136e-01 7.966997821071943875e-01
1.207414829659318656e+01 7.581835450001211951e-01 6.994738841270735641e-01 7.927220098802707504e-01
1.208416833667334700e+01 7.538191054702999550e-01 6.946725629384489231e-01 7.886991437052686127e-01
1.209418837675350744e+01 7.494139189157923431e-01 6.898397072297193233e-01 7.846159069863036795e-01
1.210420841683366788e+01 7.449684976425918759e-01 6.849760865942613464e-01 7.804831696352885206e-01
1.211422845691382832e+01 7.404833748661794335e-01 6.801196031016929489e-01 7.763036463212524829e-01
1.212424849699398877e+01 7.359591045777542639e-01 6.751914532046694450e-01 7.720724552968063481e-01
1.213426853707414921e+01 7.313962613925112377e-01 6.703259474802307771e-01 7.677966508210218866e-01
1.214428857715430787e+01 7.267954403799593566e-01 6.654351737227034436e-01 7.634769679563633282e-01
1.215430861723446831e+01 7.221572568762945066e-01 6.604324997654146268e-01 7.591138326233279887e-01
1.216432865731462876e+01 7.174823462788743056e-01 6.552815972914267650e-01 7.547076925632633104e-01
1.217434869739478920e+01 7.127713638228405646e-01 6.501375056042396627e-01 7.502594167970425554e-01
1.218436873747494964e+01 7.080249843399828436e-01 6.450686909506878619e-01 7.457695993385787814e-01
1.219438877755511008e+01 7.032439019999423557e-01 6.402516835768413683e-01 7.412658795893692920e-01
1.220440881763527052e+01 6.984288300338836741e-01 6.353675158365924558e-01 7.367414140958906676e-01
1.221442885771543096e+01 6.935805004407823438e-01 6.302693976416771093e-01 7.321617606346743079e-01
1.222444889779559141e+01 6.886996636764989299e-01 6.251519898451224355e-01 7.275039969061586342e-01
1.223446893787575185e+01 6.837870883258324595e-01 6.200162508164666075e-01 7.228138674189382717e-01
1.224448897795591229e+01 6.788435607577677500e-01 6.147898982842371352e-01 7.180911563321393798e-01
1.225450901803607096e+01 6.738698847641532153e-01 6.095100587537283232e-01 7.133255549316541710e-01
1.226452905811623140e+01 6.688668811820619453e-01 6.042123279168193362e-01 7.085132128140779750e-01
1.227454909819639184e+01 6.638353875001284932e-01 5.988977124237603311e-01 7.036639897736258753e-01
1.228456913827655228e+01 6.587762574491440315e-01 5.935672289241142874e-01 6.987785842448183127e-01
1.229458917835671272e+01 6.536903605772437231e-01 5.882219034843190197e-01 6.938577144571115296e-01
1.230460921843687316e+01 6.485785818100228139e-01 5.828627709959358638e-01 6.889021181463889087e-01
1.231462925851703361e+01 6.434418209959433810e-01 5.774908745751531347e-01 6.839125522486373399e-01
1.232464929859719405e+01 6.382809924374134303e-01 5.721072649541262267e-01 6.788897925759866947e-01
1.233466933867735449e+01 6.330970244079384690e-01 5.667129998647429945e-01 6.738346334753197997e-01
1.234468937875751493e+01 6.278908586557646609e-01 5.613091434154202641e-01 6.687478874696763942e-01
1.235470941883767537e+01 6.226634498944508822e-01 5.559504241532218227e-01 6.636303848826998752e-01
1.236472945891783581e+01 6.174157652808268670e-01 5.506226634305987355e-01 6.584829734463981676e-01
1.237474949899799626e+01 6.121487838808048476e-01 5.454519606388186226e-01 6.533065178925107075e-01
1.238476953907815670e+01 6.068634961235404024e-01 5.402094051605915714e-01 6.481018995277953998e-01
1.239478957915831714e+01 6.015609032444415583e-01 5.351879996729361766e-01 6.428700157935707260e-01
1.240480961923847758e+01 5.962420167175501717e-01 5.298692020439483841e-01 6.376117798098689393e-01
1.241482965931863802e+01 5.909078576778283853e-01 5.246513118588729263e-01 6.323281199045781564e-01
1.242484969939879846e+01 5.855594563338994973e-01 5.194622673087387899e-01 6.270199791279674750e-01
1.243486973947895891e+01 5.801978513718066832e-01 5.143391292350290023e-01 6.216883147530156695e-01
1.244488977955911757e+01 5.748240893503615556e-01 5.092797250723711810e-01 6.163340977619746752e-01
1.245490981963927801e+01 5.694392240886676504e-01 5.040691441378899462e-01 6.109583123196220544e-01
1.246492985971943845e+01 5.640443160464254646e-01 4.988080778777226332e-01 6.055619552336833911e-01
1.247494989979959890e+01 5.586404316976102402e-01 4.935538582251087769e-01 6.001948355322220818e-01
1.248496993987975934e+01 5.532286428981524340e-01 4.883075298335721182e-01 5.947708161758903378e-01
1.249498997995991978e+01 5.478100262482384908e-01 4.830701326212638591e-01 5.894626167457110988e-01
1.250501002004008022e+01 5.423856624498667456e-01 4.777779740537146935e-01 5.840305503013168975e-01
1.251503006012024066e+01 5.369566356602971657e-01 4.726670641666312900e-01 5.786015934573564001e-01
1.252505010020040110e+01 5.315240328420377525e-01 4.675696424970522957e-01 5.731184945576062173e-01
1.253507014028056155e+01 5.260889431100194136e-01 4.624866942018325267e-01 5.676223601608699765e-01
1.254509018036072199e+01 5.206524570766118964e-01 4.574191958369749345e-01 5.621142654078353784e-01
1.255511022044088065e+01 5.152156661951370342e-01 4.523681147955708193e-01 5.565952925868465906e-01
1.256513026052104109e+01 5.097796621025340036e-01 4.473344087547923564e-01 5.510665304961683830e-01
1.257515030060120154e+01 5.043455359618498335e-01 4.423190251324742861e-01 5.455290737997664507e-01
1.258517034068136198e+01 4.989143778051952083e-01 4.373229005537816461e-01 5.401021629691720172e-01
1.259519038076152242e+01 4.934872758778409141e-01 4.323469603284742502e-01 5.346487969907326443e-01
1.260521042084168286e+01 4.880653159841059074e-01 4.273692802897209875e-01 5.290645734776177056e-01
1.261523046092184330e+01 4.826495808356931483e-01 4.222845503251071442e-01 5.234709836208869538e-01
1.262525050100200374e+01 4.772411494031256751e-01 4.175250694444929689e-01 5.178306010839269780e-01
1.263527054108216419e+01 4.718410962709295164e-01 4.126631247910624301e-01 5.122873618955037234e-01
1.264529058116232463e+01 4.664504909972064239e-01 4.077506318576714639e-01 5.068220898576168976e-01
1.265531062124248507e+01 4.610703974782318082e-01 4.026138536572735349e-01 5.012835953099570308e-01
1.266533066132264551e+01 4.557018733187073178e-01 3.977002762429709404e-01 4.957739164393464293e-01
1.267535070140280595e+01 4.503459692082892318e-01 3.926232910112573138e-01 4.901846650394975913e-01
1.268537074148296639e+01 4.450037283050044534e-01 3.875715266097412015e-01 4.845984686007555053e-01
1.269539078156312684e+01 4.396761856261571233e-01 3.825458669984292404e-01 4.790164464306160830e-01
1.270541082164328728e+01 4.343643674473190996e-01 3.775857406123339088e-01 4.734397153245923917e-01
1.271543086172344772e+01 4.290692907099831199e-01 3.727533155640166407e-01 4.678693888959528091e-01
1.272545090180360816e+01 4.237919624384504647e-01 3.679128627447078581e-01 4.623065769086494581e-01
1.273547094188376683e+01 4.185333791665077907e-01 3.630687631088340694e-01 4.568432784664355206e-01
1.274549098196392727e+01 4.132945263744322584e-01 3.584101988079182455e-01 4.514719806935193480e-01
1.275551102204408771e+01 4.080763779368662414e-01 3.537296528074422297e-01 4.461262705686486196e-01
1.276553106212424815e+01 4.028798955820569461e-01 3.490539863657096675e-01 4.406347740687980297e-01
1.277555110220440859e+01 3.977060283629729742e-01 3.445094419378886275e-01 4.354517314874382095e-01
1.278557114228456904e+01 3.925557121407733385e-01 3.400666452082499736e-01 4.300976950954842892e-01
1.279559118236472948e+01 3.874298690810961676e-01 3.356215186956365004e-01 4.247164844221480995e-01
1.280561122244488992e+01 3.823294071636124669e-01 3.311508846806246464e-01 4.194766081674630720e-01
1.281563126252505036e+01 3.772552197052764789e-01 3.264589717954705650e-01 4.142489278490971705e-01
1.282565130260521080e+01 3.722081848976822593e-01 3.218674989553357291e-01 4.088770241938782801e-01
1.283567134268537124e+01 3.671891653589182680e-01 3.178241986243615091e-01 4.037186436911696652e-01
1.284569138276552991e+01 3.621990077002954500e-01 3.136053753821866907e-01 3.986957321044101166e-01
1.285571142284569035e+01 3.572385421082929780e-01 3.090384917523063546e-01 3.933520316038799924e-01
1.286573146292585079e+01 3.523085819420704312e-01 3.043694340635930140e-01 3.881762991156864073e-01
1.287575150300601123e+01 3.474099233468385117e-01 2.999789911927124852e-01 3.830616771567871282e-01
1.288577154308617168e+01 3.425433448833932748e-01 2.957887743177878836e-01 3.779730981977559301e-01
1.289579158316633212e+01 3.377096071740787742e-01 2.917432442023699113e-01 3.729114461079360288e-01
1.290581162324649256e+01 3.329094525654257009e-01 2.873259633113074418e-01 3.677839663333944409e-01
1.291583166332665300e+01 3.281436048076951106e-01 2.829491523751989646e-01 3.625125305098877426e-01
1.292585170340681344e+01 3.234127687515293004e-01 2.786133113392219585e-01 3.573393340851386824e-01
1.293587174348697388e+01 3.187176300618953517e-01 2.745305115849080990e-01 3.524533838991787404e-01
1.294589178356713433e+01 3.140588549494798265e-01 2.705018347114199195e-01 3.475558351136782131e-01
1.295591182364729477e+01 3.094370899196752789e-01 2.667433971477233823e-01 3.427425764536600750e-01
1.296593186372745521e+01 3.048529615392733261e-01 2.631260059786316163e-01 3.378152809834108483e-01
1.297595190380761565e+01 3.003070762209604228e-01 2.592960638904370230e-01 3.332088295088271312e-01
1.298597194388777609e+01 2.958000200256870049e-01 2.556481108838233318e-01 3.281853845440818040e-01
1.299599198396793653e+01 2.913323584829613511e-01 2.519189909718286824e-01 3.231774500227046487e-01
1.300601202404809698e+01 2.869046364290959716e-01 2.483026119214079286e-01 3.182856859784135573e-01
1.301603206412825742e+01 2.825173778634131327e-01 2.448189861874341955e-01 3.136572611824449131e-01
1.302605210420841608e+01 2.781710858223958027e-01 2.410901306934104815e-01 3.088067295389803624e-01
1.303607214428857652e+01 2.738662422717414446e-01 2.375102258039848979e-01 3.041246125835913028e-01
1.304609218436873697e+01 2.696033080162748008e-01 2.339000706467332935e-01 2.994784706430831389e-01
1.305611222444889741e+01 2.653827226276240792e-01 2.304299938597432762e-01 2.948843116708743661e-01
1.306613226452905785e+01 2.612049043895737221e-01 2.268882166992711724e-01 2.904231062545227227e-01
1.307615230460921829e+01 2.570702502609701900e-01 2.235158460675897574e-01 2.860949429547159917e-01
1.308617234468937873e+01 2.529791358560422032e-01 2.201235315417344740e-01 2.815727758194552233e-01
1.309619238476953917e+01 2.489319154419767088e-01 2.167872450947953000e-01 2.772086986248750717e-01
1.310621242484969962e+01 2.449289219535732420e-01 2.135173591407741600e-01 2.728630826593266834e-01
1.311623246492986006e+01 2.409704670247810876e-01 2.101906794655023780e-01 2.684895232845063706e-01
1.312625250501002050e+01 2.370568410369033596e-01 2.069098622254863240e-01 2.640035017484476665e-01
1.313627254509017916e+01 2.331883131832387934e-01 2.036749247873353152e-01 2.596641545797814254e-01
1.314629258517033961e+01 2.293651315499067311e-01 2.005899189830966101e-01 2.552838735015708349e-01
1.315631262525050005e+01 2.255875232126005048e-01 1.977103850913646266e-01 2.509886559673386586e-01
1.316633266533066049e+01 2.218556943489732591e-01 1.948754730657830669e-01 2.469445240697079325e-01
1.317635270541082093e+01 2.181698303663713312e-01 1.919510250284858222e-01 2.426122167073691549e-01
1.318637274549098137e+01 2.145300960445968852e-01 1.890807263774321734e-01 2.384362165984241222e-01
1.319639278557114181e+01 2.109366356933755626e-01 1.856634685813471353e-01 2.344406738045290706e-01
1.320641282565130226e+01 2.073895733241901684e-01 1.825267636399680038e-01 2.307086159909638723e-01
1.321643286573146270e+01 2.038890128361265375e-01 1.796246963911390382e-01 2.268900782186687726e-01
1.322645290581162314e+01 2.004350382153668453e-01 1.768694833125255550e-01 2.227837613781381565e-01
1.323647294589178358e+01 1.970277137479553020e-01 1.739905098822068785e-01 2.189810630283522686e-01
1.324649298597194402e+01 1.936670842454467079e-01 1.711864166742483873e-01 2.156736301885777418e-01
1.325651302605210446e+01 1.903531752830420198e-01 1.685819539805379630e-01 2.120249802276042983e-01
1.326653306613226491e+01 1.870859934498019794e-01 1.657979971791979090e-01 2.084059860436667522e-01
1.327655310621242535e+01 1.838655266105240493e-01 1.633200984310159698e-01 2.047447982725160709e-01
1.328657314629258579e+01 1.806917441788578327e-01 1.607772173962329909e-01 2.016408692692031601e-01
1.329659318637274623e+01 1.775645974012266815e-01 1.582749922886781957e-01 1.983725856097042772e-01
1.330661322645290667e+01 1.744840196511178998e-01 1.559412182972330640e-01 1.954615091045387998e-01
1.331663326653306534e+01 1.714499267332968424e-01 1.531778120780340202e-01 1.925439051445138605e-01
1.332665330661322578e+01 1.684622171974922977e-01 1.506334270569655853e-01 1.892404280788182458e-01
1.333667334669338622e+01 1.655207726611057917e-01 1.482940979486568056e-01 1.863225062950645272e-01
1.334669338677354666e+01 1.626254581404770749e-01 1.459533149140430919e-01 1.829379535598264495e-01
1.335671342685370711e+01 1.597761223902507688e-01 1.433947049085135816e-01 1.796201343359991043e-01
1.336673346693386755e+01 1.569725982503773487e-01 1.410972196589790062e-01 1.763456158797170603e-01
1.337675350701402799e+01 1.542147030002830599e-01 1.387545796342699866e-01 1.730836947118308544e-01
1.338677354709418843e+01 1.515022387197415832e-01 1.364016200526094458e-01 1.701347999148560552e-01
1.339679358717434887e+01 1.488349926559793257e-01 1.340453940602301663e-01 1.674716841154443858e-01
1.340681362725450931e+01 1.462127375965470988e-01 1.318462841272618202e-01 1.649337796197611339e-01
1.341683366733466976e+01 1.436352322474915844e-01 1.296348325370949017e-01 1.624180612758404918e-01
1.342685370741482842e+01 1.411022216163605736e-01 1.273771103360917256e-01 1.595513985978964377e-01
1.343687374749498886e+01 1.386134373995792923e-01 1.254782808726828958e-01 1.567306573734338904e-01
1.344689378757514930e+01 1.361685983737391803e-01 1.226278508580074117e-01 1.544037247322996853e-01
1.345691382765530975e+01 1.337674107903371878e-01 1.206940768302904310e-01 1.518765488403032993e-01
1.346693386773547019e+01 1.314095687735166718e-01 1.188465064652667602e-01 1.494321989095443171e-01
1.347695390781563063e+01 1.290947547203590839e-01 1.167673706995731864e-01 1.471501270831901964e-01
1.348697394789579107e+01 1.268226397032823083e-01 1.145483119761322860e-01 1.448588711543928320e-01
1.349699398797595151e+01 1.245928838741078015e-01 1.124907715932077501e-01 1.424480660658632714e-01
1.350701402805611195e+01 1.224051368693633846e-01 1.101976778249621758e-01 1.400804588397839834e-01
1.351703406813627240e+01 1.202590382163967464e-01 1.077995774282216462e-01 1.377557422856551250e-01
1.352705410821643284e+01 1.181542177398789001e-01 1.055438523521088218e-01 1.354735977108433020e-01
1.353707414829659328e+01 1.160902959682883484e-01 1.033178416492208235e-01 1.333312753484790503e-01
1.354709418837675372e+01 1.140668845399695486e-01 1.010318009112690096e-01 1.313350988505385675e-01
1.355711422845691416e+01 1.120835866083730592e-01 9.878886362456971992e-02 1.292152998767470973e-01
1.356713426853707460e+01 1.101399972460880283e-01 9.660592602981940558e-02 1.274077105178322566e-01
1.357715430861723505e+01 1.082357038472911287e-01 9.459564015276965276e-02 1.258244516634958732e-01
1.358717434869739549e+01 1.063702865282420418e-01 9.255816553054629914e-02 1.240802874673857525e-01
1.359719438877755593e+01 1.045433185254688174e-01 9.065162839240292758e-02 1.224590893323168200e-01
1.360721442885771637e+01 1.027543665912917792e-01 8.864913851086463070e-02 1.207741840008718925e-01
1.361723446893787504e+01 1.010029913863502715e-01 8.692859754423358509e-02 1.194369165325561977e-01
1.362725450901803548e+01 9.928874786880130532e-02 8.522879716440147357e-02 1.178027043384186068e-01
1.363727454909819592e+01 9.761118567987822625e-02 8.379620827447406550e-02 1.163379440106896701e-01
1.364729458917835636e+01 9.596984952549630910e-02 8.215816835873292201e-02 1.149810281705063442e-01
1.365731462925851680e+01 9.436427955361659237e-02 8.052988293398989639e-02 1.134561455344955394e-01
1.366733466933867724e+01 9.279401172708096057e-02 7.867739829369127524e-02 1.124383627924764456e-01
1.367735470941883769e+01 9.125857819164778784e-02 7.706715335109746989e-02 1.113469325295894652e-01
1.368737474949899813e+01 8.975750763896814255e-02 7.548585046537446830e-02 1.101800432861110013e-01
1.369739478957915857e+01 8.829032566425235040e-02 7.377137803160266349e-02 1.089154739578571673e-01
1.370741482965931901e+01 8.685655511839208975e-02 7.214115816995336772e-02 1.076814021222554374e-01
1.371743486973947945e+01 8.545571645431213059e-02 7.068203765988009812e-02 1.065897349984585574e-01
1.372745490981963812e+01 8.408732806733909548e-02 6.907427765374991868e-02 1.053036709318532632e-01
1.373747494989979856e+01 8.275090662938536235e-02 6.773831143462936966e-02 1.040905596114084231e-01
1.374749498997995900e+01 8.144596741676203566e-02 6.642801121367114536e-02 1.030334780551682150e-01
1.375751503006011944e+01 8.017202463144011693e-02 6.503329851048855748e-02 1.018664405879032286e-01
1.376753507014027988e+01 7.892859171559762910e-02 6.357833384413889843e-02 1.007766633469271700e-01
1.377755511022044033e+01 7.771518165929838795e-02 6.210480359493016772e-02 9.985861316805605403e-02
1.378757515030060077e+01 7.653130730116172731e-02 6.073519230100488109e-02 9.880816603962566669e-02
1.379759519038076121e+01 7.537648162189261591e-02 5.962018839583727720e-02 9.779598520446347587e-02
1.380761523046092165e+01 7.425021803055503744e-02 5.829536969593995116e-02 9.687644956589944178e-02
1.381763527054108209e+01 7.315203064348155260e-02 5.695522232528565931e-02 9.620178955068237059e-02
1.382765531062124253e+01 7.208143455572441072e-02 5.567374613913020354e-02 9.554500465017715105e-02
1.383767535070140298e+01 7.103794610496402817e-02 5.436441129259484556e-02 9.472458699865383969e-02
1.384769539078156342e+01 7.002108312780171151e-02 5.314528725243031215e-02 9.388560961875659638e-02
1.385771543086172386e+01 6.903036520837553536e-02 5.204928869455417717e-02 9.327218295663265712e-02
1.386773547094188430e+01 6.806531391924688923e-02 5.096845345441491232e-02 9.239808294525277133e-02
1.387775551102204474e+01 6.712545305451826649e-02 4.976662331679513468e-02 9.160011562670770935e-02
1.388777555110220518e+01 6.621030885515102882e-02 4.870815816462056858e-02 9.088385882205550492e-02
1.389779559118236563e+01 6.531941022646263473e-02 4.745663210907363760e-02 9.004244727207660892e-02
1.390781563126252429e+01 6.445228894779342355e-02 4.644045363336871818e-02 8.933908443521332288e-02
1.391783567134268473e+01 6.360847987434090078e-02 4.541999826416145969e-02 8.868732173028394394e-02
1.392785571142284518e+01 6.278752113117178069e-02 4.440609737907155741e-02 8.831277451905890363e-02
1.393787575150300562e+01 6.198895429942657270e-02 4.345781010902645403e-02 8.797639266687458381e-02
1.394789579158316606e+01 6.121232459474536258e-02 4.251510226547283722e-02 8.765101715701183183e-02
1.395791583166332650e+01 6.045718103794780335e-02 4.167729656364840135e-02 8.729557845946976646e-02
1.396793587174348694e+01 5.972307661801146139e-02 4.079259678904209596e-02 8.687696446054075927e-02
1.397795591182364738e+01 5.900956844739906754e-02 3.995962812262249947e-02 8.634795785098071941e-02
1.398797595190380783e+01 5.831621790979310549e-02 3.904370071834178946e-02 8.583830095089567402e-02
1.399799599198396827e+01 5.764259080030419147e-02 3.821266122834601070e-02 8.529937303749206279e-02
1.400801603206412693e+01 5.698825745822625605e-02 3.745521051680828634e-02 8.468717960631644281e-02
1.401803607214428737e+01 5.635279289241796469e-02 3.671897093014158536e-02 8.409278624804074342e-02
1.402805611222444782e+01 5.573577689939804292e-02 3.600349216858091811e-02 8.352109594235332390e-02
1.403807615230460826e+01 5.513679417424512813e-02 3.522353503373305827e-02 8.318034870046656093e-02
1.404809619238476870e+01 5.455543441440269953e-02 3.453783800084789246e-02 8.269649768466177941e-02
1.405811623246492914e+01 5.399129241649134464e-02 3.373913163359010259e-02 8.225497531761039038e-02
1.406813627254508958e+01 5.344396816623861457e-02 3.301332739350076179e-02 8.181740890085366369e-02
1.407815631262525002e+01 5.291306692164066128e-02 3.233067463533047248e-02 8.149345856485566697e-02
1.408817635270541047e+01 5.239819928947384020e-02 3.164118428856764476e-02 8.113199859800522551e-02
1.409819639278557091e+01 5.189898129528035253e-02 3.093215559361466721e-02 8.071454207202069520e-02
1.410821643286573135e+01 5.141503444695449260e-02 3.022597121967542100e-02 8.026905112784059326e-02
1.411823647294589179e+01 5.094598579206102706e-02 2.961433322501560994e-02 7.983741592584060742e-02
1.412825651302605223e+01 5.049146796901964745e-02 2.890633148719833415e-02 7.941928948997087345e-02
1.413827655310621267e+01 5.005111925229379505e-02 2.837260360615909138e-02 7.901433036372895735e-02
1.414829659318637312e+01 4.962458359172360750e-02 2.784801569117701520e-02 7.862220263931110620e-02
1.415831663326653356e+01 4.921151064614667781e-02 2.729658996756016351e-02 7.824257598145960280e-02
1.416833667334669400e+01 4.881155581145163458e-02 2.667424585400503256e-02 7.787512564615108046e-02
1.417835671342685444e+01 4.842438024321216866e-02 2.611396770022299252e-02 7.751953249427036285e-02
1.418837675350701488e+01 4.804965087405081714e-02 2.561053534694758896e-02 7.717548300041758569e-02
1.419839679358717532e+01 4.768704042588273184e-02 2.517104300359978425e-02 7.691981745549805738e-02
1.420841683366733577e+01 4.733622741719247656e-02 2.469900929937756534e-02 7.673317776200798412e-02
1.421843687374749443e+01 4.699689616549528048e-02 2.419591457356580141e-02 7.655326383507088384e-02
1.422845691382765487e+01 4.666873678513765861e-02 2.368655426423777605e-02 7.637986812548355764e-02
1.423847695390781531e+01 4.635144518059165775e-02 2.322776016406086566e-02 7.621278803344995467e-02
1.424849699398797576e+01 4.604472303539666744e-02 2.286037281500231944e-02 7.605182584859712658e-02
1.425851703406813620e+01 4.574827779690317925e-02 2.250605306043119286e-02 7.589678868832112901e-02
1.426853707414829664e+01 4.546182265697443214e-02 2.216336217785354334e-02 7.574748843458481429e-02
1.427855711422845708e+01 4.518507652879830139e-02 2.183198505137784462e-02 7.560374166928643391e-02
1.428857715430861575e+01 4.491776401996414730e-02 2.151161250036270900e-02 7.546536960831545793e-02
1.429859719438877619e+01 4.465961540195664131e-02 2.120194126602881549e-02 7.533219803440950602e-02
1.430861723446893663e+01 4.441036657621966893e-02 2.090267399383907015e-02 7.520405722892294087e-02
1.431863727454909707e+01 4.416975903693905886e-02 2.061351921180522989e-02 7.508078190261541218e-02
1.432865731462925751e+01 4.393753983069578761e-02 2.033419130487913729e-02 7.496221112556494814e-02
1.433867735470941795e+01 4.371346151313606349e-02 2.006441048558537527e-02 7.484818825630858152e-02
1.434869739478957840e+01 4.349728210280540130e-02 1.980390276105203212e-02 7.473856087030857076e-02
1.435871743486973884e+01 4.328876503229149575e-02 1.955239989659497690e-02 7.461949103761088276e-02
1.436873747494989928e+01 4.308767909681814751e-02 1.929286934927059577e-02 7.449190932762599082e-02
1.437875751503005972e+01 4.289379840043148345e-02 1.901108633895002425e-02 7.438295960893791248e-02
1.438877755511022016e+01 4.270690229991678383e-02 1.873892275123118650e-02 7.427823434124031232e-02
1.439879759519038060e+01 4.252677534658258485e-02 1.847610298045271673e-02 7.417052011202596162e-02
1.440881763527054105e+01 4.235320722604555416e-02 1.822235719526720671e-02 7.405582833860610559e-02
1.441883767535070149e+01 4.218599269614844993e-02 1.797742129956265977e-02 7.395237758110458082e-02
1.442885771543086193e+01 4.202493152313955399e-02 1.774103689020625763e-02 7.389696189222366707e-02
1.443887775551102237e+01 4.186982841623970025e-02 1.751295121176421263e-02 7.381308721237048176e-02
1.444889779559118281e+01 4.172049296072172925e-02 1.729291710834551105e-02 7.373083031003942189e-02
1.445891783567134325e+01 4.157673954962172458e-02 1.706952641560165185e-02 7.365187392156684332e-02
1.446893787575150370e+01 4.143838731420088073e-02 1.683848742522641231e-02 7.357610083230545217e-02
1.447895791583166414e+01 4.130526005327298661e-02 1.658899584732374116e-02 7.350339730086195844e-02
1.448897795591182458e+01 4.117718616150966432e-02 1.635577991053662611e-02 7.340272532380852366e-02
1.449899799599198502e+01 4.105399855683180416e-02 1.615813848938581210e-02 7.325714771416047544e-02
1.450901803607214369e+01 4.093553460699458912e-02 1.600571109945472109e-02 7.311700579580905635e-02
1.451903807615230413e+01 4.082163605546776375e-02 1.585281222693817049e-02 7.298212369355397411e-02
1.452905811623246457e+01 4.071214894671179585e-02 1.570866685474085755e-02 7.285233006067111383e-02
1.453907815631262501e+01 4.060692355094674966e-02 1.556782424086106294e-02 7.272745800977289954e-02
1.454909819639278545e+01 4.050581428850690696e-02 1.542408615900159145e-02 7.260734504276356027e-02
1.455911823647294590e+01 4.040867965387243133e-02 1.530240869295082864e-02 7.249183297999235720e-02
1.456913827655310634e+01 4.031538213946494337e-02 1.518581658689590816e-02 7.238076788870585754e-02
1.457915831663326678e+01 4.022578815929141183e-02 1.506255827080113345e-02 7.227400001089488712e-02
1.458917835671342544e+01 4.013976797251747608e-02 1.493229525901436025e-02 7.217138369063202941e-02
1.459919839679358589e+01 4.005719560704787408e-02 1.481197544217723733e-02 7.207277730099008461e-02
1.460921843687374633e+01 3.997794878318960271e-02 1.469482676794028018e-02 7.203058356120559114e-02
1.461923847695390677e+01 3.990190883746891348e-02 1.459378695302800989e-02 7.200145679232484996e-02
1.462925851703406721e+01 3.982896064667086622e-02 1.449413535019766601e-02 7.197363318947674893e-02
1.463927855711422765e+01 3.975899255216776285e-02 1.439969621646040518e-02 7.194705978392454404e-02
1.464929859719438809e+01 3.969189628459855734e-02 1.430901244138806441e-02 7.192168549622673934e-02
1.465931863727454854e+01 3.962756688895931190e-02 1.421474440405009511e-02 7.189746108123699908e-02
1.466933867735470898e+01 3.956590265016154268e-02 1.411786046779913047e-02 7.187433907414639278e-02
1.467935871743486942e+01 3.950680501911181530e-02 1.402019845567806233e-02 7.185048519105624587e-02
1.468937875751502986e+01 3.945017853936480523e-02 1.394835856684297111e-02 7.182405884541689933e-02
1.469939879759519030e+01 3.939593077439682706e-02 1.387946737329994254e-02 7.179882560590822305e-02
1.470941883767535074e+01 3.934397223554643441e-02 1.381341710890205896e-02 7.177473644331344715e-02
1.471943887775551119e+01 3.929421631066453563e-02 1.375010333427841534e-02 7.175174410240565959e-02
1.472945891783567163e+01 3.924657919351398627e-02 1.368942486092870718e-02 7.172980304916097560e-02
1.473947895791583207e+01 3.920097981395695430e-02 1.363128367590632495e-02 7.170721004116750730e-02
1.474949899799599251e+01 3.915733976896448865e-02 1.357558486713943309e-02 7.167272736196127203e-02
1.475951903807615295e+01 3.911558325448168810e-02 1.352223654943635923e-02 7.164127190830864300e-02
1.476953907815631339e+01 3.907563699817784286e-02 1.347114979122030626e-02 7.161249035839206689e-02
1.477955911823647384e+01 3.903743019311041451e-02 1.342223854203357727e-02 7.159472595540586348e-02
1.478957915831663428e+01 3.900089443232774428e-02 1.337541956085076637e-02 7.157779237425118679e-02
1.479959919839679472e+01 3.896596364443428995e-02 1.333061234523684989e-02 7.156165399915395686e-02
1.480961923847695338e+01 3.893257403013942325e-02 1.328773906138298530e-02 7.154627657504759874e-02
1.481963927855711383e+01 3.890066399980932066e-02 1.324672447505240505e-02 7.153162716368960394e-02
1.482965931863727427e+01 3.887017411203861489e-02 1.320749588346370289e-02 7.151767410081551202e-02
1.483967935871743471e+01 3.884104701325735015e-02 1.316998304813887972e-02 7.150438695432187464e-02
1.484969939879759515e+01 3.881322737838626552e-02 1.313411812873939086e-02 7.149173648347137422e-02
1.485971943887775559e+01 3.878666185255254945e-02 1.309983561791260194e-02 7.147932886735763880e-02
1.486973947895791603e+01 3.876129899387462108e-02 1.306707227716814509e-02 7.146732599351161841e-02
1.487975951903807470e+01 3.873708921732500060e-02 1.303576707380147033e-02 7.145590279438955583e-02
1.488977955911823514e+01 3.871398473967711112e-02 1.300586111888082409e-02 7.144503345601870004e-02
1.489979959919839558e+01 3.869193952554110527e-02 1.297729760631056474e-02 7.143469319917018778e-02
1.490981963927855602e+01 3.867090923449188061e-02 1.295002175298338651e-02 7.142485824364239178e-02
1.491983967935871647e+01 3.865085116929112274e-02 1.291833065087451965e-02 7.141550577349986551e-02
1.492985971943887691e+01 3.863172422520388255e-02 1.287639552318924942e-02 7.140661390325681035e-02
1.493987975951903735e+01 3.861348884040934071e-02 1.285642665062319834e-02 7.139816164499059037e-02
1.494989979959919779e+01 3.859610694750307408e-02 1.283866238019370012e-02 7.139012887637266602e-02
1.495991983967935823e+01 3.857954192608757660e-02 1.282173328221319214e-02 7.138249630960256942e-02
1.496993987975951867e+01 3.856375855644773171e-02 1.280560333094523003e-02 7.137524546123068248e-02
1.497995991983967912e+01 3.854872297430395750e-02 1.279023788793748166e-02 7.136835862285487164e-02
1.498997995991983956e+01 3.853440262663862526e-02 1.277221876968614306e-02 7.136181883267661563e-02
1.500000000000000000e+01 3.852076622858658511e-02 1.275437220305383930e-02 7.135560984790070838e-02
