1.000000000000000000e+01 1.502542791467973149e-01 1.369714016765028186e-01 1.655033562819309689e-01
1.001002004008016044e+01 1.502542791467973149e-01 1.369714016765028186e-01 1.655033562819309689e-01
1.002004008016032088e+01 1.502542791467973149e-01 1.369714016765028186e-01 1.655033562819309689e-01
1.003006012024048133e+01 1.502542791467973149e-01 1.369714016765028186e-01 1.655033562819309689e-01
1.004008016032064177e+01 1.502542791467973149e-01 1.369714016765028186e-01 1.655033562819309689e-01
1.005010020040080221e+01 1.502542791467973149e-01 1.369714016765028186e-01 1.655033562819309689e-01
1.006012024048096265e+01 1.502542791467973149e-01 1.369714016765028186e-01 1.655033562819309689e-01
1.007014028056112309e+01 1.502542791467973149e-01 1.369714016765028186e-01 1.655033562819309689e-01
1.008016032064128176e+01 1.502542791467973149e-01 1.369714016765028186e-01 1.655033562819309689e-01
1.009018036072144220e+01 1.502542791467973149e-01 1.369714016765028186e-01 1.655033562819309689e-01
1.010020040080160264e+01 1.502542791467973149e-01 1.369714016765028186e-01 1.655033562819309689e-01
1.011022044088176308e+01 1.502542791467973149e-01 1.369714016765028186e-01 1.655033562819309689e-01
1.012024048096192352e+01 1.502542791467973149e-01 1.369714016765028186e-01 1.655033562819309689e-01
1.013026052104208397e+01 1.502542791467973149e-01 1.369714016765028186e-01 1.655033562819309689e-01
1.014028056112224441e+01 1.502542791467973149e-01 1.369714016765028186e-01 1.655033562819309689e-01
1.015030060120240485e+01 1.502542791467973149e-01 1.369714016765028186e-01 1.655033562819309689e-01
1.016032064128256529e+01 1.502542791467973149e-01 1.369714016765028186e-01 1.655033562819309689e-01
1.017034068136272573e+01 1.502542791467973149e-01 1.369714016765028186e-01 1.655033562819309689e-01
1.018036072144288617e+01 1.502542791467973149e-01 1.369714016765028186e-01 1.655033562819309689e-01
1.019038076152304662e+01 1.502542791467973149e-01 1.369714016765028186e-01 1.655033562819309689e-01
1.020040080160320706e+01 1.502542791467973149e-01 1.369714016765028186e-01 1.655033562819309689e-01
1.021042084168336750e+01 1.502542791467973149e-01 1.369714016765028186e-01 1.655033562819309689e-01
1.022044088176352616e+01 1.502542791467973149e-01 1.369714016765028186e-01 1.655033562819309689e-01
1.023046092184368661e+01 1.502542791467973149e-01 1.369714016765028186e-01 1.655033562819309689e-01
1.024048096192384705e+01 1.502542791467973149e-01 1.369714016765028186e-01 1.655033562819309689e-01
1.025050100200400749e+01 1.502542791467973149e-01 1.369714016765028186e-01 1.655033562819309689e-01
1.026052104208416793e+01 1.502542791467973149e-01 1.369714016765028186e-01 1.655033562819309689e-01
1.027054108216432837e+01 1.502542791467973149e-01 1.369714016765028186e-01 1.655033562819309689e-01
1.028056112224448881e+01 1.502542791467973149e-01 1.369714016765028186e-01 1.655033562819309689e-01
1.029058116232464926e+01 1.502542791467973149e-01 1.369714016765028186e-01 1.655033562819309689e-01
1.030060120240480970e+01 1.502542791467973149e-01 1.369714016765028186e-01 1.655033562819309689e-01
1.031062124248497014e+01 1.502542791467973149e-01 1.369714016765028186e-01 1.655033562819309689e-01
1.032064128256513058e+01 1.502542791467973149e-01 1.369714016765028186e-01 1.655033562819309689e-01
1.033066132264529102e+01 1.502542791467973149e-01 1.369714016765028186e-01 1.655033562819309689e-01
1.034068136272545146e+01 1.502542791467973149e-01 1.369714016765028186e-01 1.655033562819309689e-01
1.035070140280561191e+01 1.502542791467973149e-01 1.369714016765028186e-01 1.655033562819309689e-01
1.036072144288577235e+01 1.502542791467973149e-01 1.369714016765028186e-01 1.655033562819309689e-01
1.037074148296593101e+01 1.502542791467973149e-01 1.369714016765028186e-01 1.655033562819309689e-01
1.038076152304609145e+01 1.502542791467973149e-01 1.369714016765028186e-01 1.655033562819309689e-01
1.039078156312625190e+01 1.502542791467973149e-01 1.369714016765028186e-01 1.655033562819309689e-01
1.040080160320641234e+01 1.502542791467973149e-01 1.369714016765028186e-01 1.655033562819309689e-01
1.041082164328657278e+01 1.502542791467973149e-01 1.369714016765028186e-01 1.655033562819309689e-01
1.042084168336673322e+01 1.502542791467973149e-01 1.369714016765028186e-01 1.655033562819309689e-01
1.043086172344689366e+01 1.502542791467973149e-01 1.369714016765028186e-01 1.655033562819309689e-01
1.044088176352705410e+01 1.502542791467973149e-01 1.369714016765028186e-01 1.655033562819309689e-01
1.045090180360721455e+01 1.502542791467973149e-01 1.369714016765028186e-01 1.655033562819309689e-01
1.046092184368737499e+01 1.502542791467973149e-01 1.369714016765028186e-01 1.655033562819309689e-01
1.047094188376753543e+01 1.502542791467973149e-01 1.369714016765028186e-01 1.655033562819309689e-01
1.048096192384769587e+01 1.502542791467973149e-01 1.369714016765028186e-01 1.655033562819309689e-01
1.049098196392785631e+01 1.502542791467973149e-01 1.369714016765028186e-01 1.655033562819309689e-01
1.050100200400801675e+01 1.502542791467973149e-01 1.369714016765028186e-01 1.655033562819309689e-01
1.051102204408817542e+01 1.502542791467973149e-01 1.369714016765028186e-01 1.655033562819309689e-01
1.052104208416833586e+01 1.502542791467973149e-01 1.369714016765028186e-01 1.655033562819309689e-01
1.053106212424849630e+01 1.502542791467973149e-01 1.369714016765028186e-01 1.655033562819309689e-01
1.054108216432865675e+01 1.502542791467973149e-01 1.369714016765028186e-01 1.655033562819309689e-01
1.055110220440881719e+01 1.502542791467973149e-01 1.369714016765028186e-01 1.655033562819309689e-01
1.056112224448897763e+01 1.502542791467973149e-01 1.369714016765028186e-01 1.655033562819309689e-01
1.057114228456913807e+01 1.502542791467973149e-01 1.369714016765028186e-01 1.655033562819309689e-01
1.058116232464929851e+01 1.502542791467973149e-01 1.369714016765028186e-01 1.655033562819309689e-01
1.059118236472945895e+01 1.502542791467973149e-01 1.369714016765028186e-01 1.655033562819309689e-01
1.060120240480961940e+01 1.502542791467973149e-01 1.369714016765028186e-01 1.655033562819309689e-01
1.061122244488977984e+01 1.502542791467973149e-01 1.369714016765028186e-01 1.655033562819309689e-01
1.062124248496994028e+01 1.502542791467973149e-01 1.369714016765028186e-01 1.655033562819309689e-01
1.063126252505010072e+01 1.502542791467973149e-01 1.369714016765028186e-01 1.655033562819309689e-01
1.064128256513026116e+01 1.502542791467973149e-01 1.369714016765028186e-01 1.655033562819309689e-01
1.065130260521042160e+01 1.502542791467973149e-01 1.369714016765028186e-01 1.655033562819309689e-01
1.066132264529058205e+01 1.502542791467973149e-01 1.369714016765028186e-01 1.655033562819309689e-01
1.067134268537074071e+01 1.502542791467973149e-01 1.369714016765028186e-01 1.655033562819309689e-01
1.068136272545090115e+01 1.502542791467973149e-01 1.369714016765028186e-01 1.655033562819309689e-01
1.069138276553106159e+01 1.502542791467973149e-01 1.369714016765028186e-01 1.655033562819309689e-01
1.070140280561122204e+01 1.502542791467973149e-01 1.369714016765028186e-01 1.655033562819309689e-01
1.071142284569138248e+01 1.502542791467973149e-01 1.369714016765028186e-01 1.655033562819309689e-01
1.072144288577154292e+01 1.502542791467973149e-01 1.369714016765028186e-01 1.655033562819309689e-01
1.073146292585170336e+01 1.502542791467973149e-01 1.369714016765028186e-01 1.655033562819309689e-01
1.074148296593186380e+01 1.502542791467973149e-01 1.369714016765028186e-01 1.655033562819309689e-01
1.075150300601202424e+01 1.502542791467973149e-01 1.369714016765028186e-01 1.655033562819309689e-01
1.076152304609218469e+01 1.502542791467973149e-01 1.369714016765028186e-01 1.655033562819309689e-01
1.077154308617234513e+01 1.502542791467973149e-01 1.369714016765028186e-01 1.655033562819309689e-01
1.078156312625250557e+01 1.502542791467973149e-01 1.369714016765028186e-01 1.655033562819309689e-01
1.079158316633266601e+01 1.502542791467973149e-01 1.369714016765028186e-01 1.655033562819309689e-01
1.080160320641282468e+01 1.502542791467973149e-01 1.369714016765028186e-01 1.655033562819309689e-01
1.081162324649298512e+01 1.502542791467973149e-01 1.369714016765028186e-01 1.655033562819309689e-01
1.082164328657314556e+01 1.502542791467973149e-01 1.369714016765028186e-01 1.655033562819309689e-01
1.083166332665330600e+01 1.502542791467973149e-01 1.369714016765028186e-01 1.655033562819309689e-01
1.084168336673346644e+01 1.502542791467973149e-01 1.369714016765028186e-01 1.655033562819309689e-01
1.085170340681362688e+01 1.502542791467973149e-01 1.369714016765028186e-01 1.655033562819309689e-01
1.086172344689378733e+01 1.502542791467973149e-01 1.369714016765028186e-01 1.655033562819309689e-01
1.087174348697394777e+01 1.502542791467973149e-01 1.369714016765028186e-01 1.655033562819309689e-01
1.088176352705410821e+01 1.502542791467973149e-01 1.369714016765028186e-01 1.655033562819309689e-01
1.089178356713426865e+01 1.502542791467973149e-01 1.369714016765028186e-01 1.655033562819309689e-01
1.090180360721442909e+01 1.502542791467973149e-01 1.369714016765028186e-01 1.655033562819309689e-01
1.091182364729458953e+01 1.502542791467973149e-01 1.369714016765028186e-01 1.655033562819309689e-01
1.092184368737474998e+01 1.502542791467973149e-01 1.369714016765028186e-01 1.655033562819309689e-01
1.093186372745491042e+01 1.502542791467973149e-01 1.369714016765028186e-01 1.655033562819309689e-01
1.094188376753507086e+01 1.502542791467973149e-01 1.369714016765028186e-01 1.655033562819309689e-01
1.095190380761523130e+01 1.502542791467973149e-01 1.369714016765028186e-01 1.655033562819309689e-01
1.096192384769538997e+01 1.502542791467973149e-01 1.369714016765028186e-01 1.655033562819309689e-01
1.097194388777555041e+01 1.502542791467973149e-01 1.369714016765028186e-01 1.655033562819309689e-01
1.098196392785571085e+01 1.502542791467973149e-01 1.369714016765028186e-01 1.655033562819309689e-01
1.099198396793587129e+01 1.502542791467973149e-01 1.369714016765028186e-01 1.655033562819309689e-01
1.100200400801603173e+01 1.502542791467973149e-01 1.369714016765028186e-01 1.655033562819309689e-01
1.101202404809619217e+01 1.502542791467973149e-01 1.369714016765028186e-01 1.655033562819309689e-01
1.102204408817635262e+01 1.502542791467973149e-01 1.369714016765028186e-01 1.655033562819309689e-01
1.103206412825651306e+01 1.502542791467973149e-01 1.369714016765028186e-01 1.655033562819309689e-01
1.104208416833667350e+01 1.502542791467973149e-01 1.369714016765028186e-01 1.655033562819309689e-01
1.105210420841683394e+01 1.502542791467973149e-01 1.369714016765028186e-01 1.655033562819309689e-01
1.106212424849699438e+01 1.502542791467973149e-01 1.369714016765028186e-01 1.655033562819309689e-01
1.107214428857715482e+01 1.502542791467973149e-01 1.369714016765028186e-01 1.655033562819309689e-01
1.108216432865731527e+01 1.502542791467973149e-01 1.369714016765028186e-01 1.655033562819309689e-01
1.109218436873747393e+01 1.502542791467973149e-01 1.369714016765028186e-01 1.655033562819309689e-01
1.110220440881763437e+01 1.502542791467973149e-01 1.369714016765028186e-01 1.655033562819309689e-01
1.111222444889779482e+01 1.502542791467973149e-01 1.369714016765028186e-01 1.655033562819309689e-01
1.112224448897795526e+01 1.502542791467973149e-01 1.369714016765028186e-01 1.655033562819309689e-01
1.113226452905811570e+01 1.502542791467973149e-01 1.369714016765028186e-01 1.655033562819309689e-01
1.114228456913827614e+01 1.502542791467973149e-01 1.369714016765028186e-01 1.655033562819309689e-01
1.115230460921843658e+01 1.502542791467973149e-01 1.369714016765028186e-01 1.655033562819309689e-01
1.116232464929859702e+01 1.502542791467973149e-01 1.369714016765028186e-01 1.655033562819309689e-01
1.117234468937875747e+01 1.502542791467973149e-01 1.369714016765028186e-01 1.655033562819309689e-01
1.118236472945891791e+01 1.502542791467973149e-01 1.369714016765028186e-01 1.655033562819309689e-01
1.119238476953907835e+01 1.502542791467973149e-01 1.369714016765028186e-01 1.655033562819309689e-01
1.120240480961923879e+01 1.502542791467973149e-01 1.369714016765028186e-01 1.655033562819309689e-01
1.121242484969939923e+01 1.502542791467973149e-01 1.369714016765028186e-01 1.655033562819309689e-01
1.122244488977955967e+01 1.502542791467973149e-01 1.369714016765028186e-01 1.655033562819309689e-01
1.123246492985972012e+01 1.502542791467973149e-01 1.369714016765028186e-01 1.655033562819309689e-01
1.124248496993988056e+01 1.502542791467973149e-01 1.369714016765028186e-01 1.655033562819309689e-01
1.125250501002004100e+01 1.502542791467973149e-01 1.369714016765028186e-01 1.655033562819309689e-01
1.126252505010019966e+01 1.502542791467973149e-01 1.369714016765028186e-01 1.655033562819309689e-01
1.127254509018036011e+01 1.502542791467973149e-01 1.369714016765028186e-01 1.655033562819309689e-01
1.128256513026052055e+01 1.502542791467973149e-01 1.369714016765028186e-01 1.655033562819309689e-01
1.129258517034068099e+01 1.502542791467973149e-01 1.369714016765028186e-01 1.655033562819309689e-01
1.130260521042084143e+01 1.502542791467973149e-01 1.369714016765028186e-01 1.655033562819309689e-01
1.131262525050100187e+01 1.502542791467973149e-01 1.369714016765028186e-01 1.655033562819309689e-01
1.132264529058116231e+01 1.502542791467973149e-01 1.369714016765028186e-01 1.655033562819309689e-01
1.133266533066132276e+01 1.502542791467973149e-01 1.369714016765028186e-01 1.655033562819309689e-01
1.134268537074148320e+01 1.502542791467973149e-01 1.369714016765028186e-01 1.655033562819309689e-01
1.135270541082164364e+01 1.502542791467973149e-01 1.369714016765028186e-01 1.655033562819309689e-01
1.136272545090180408e+01 1.502542791467973149e-01 1.369714016765028186e-01 1.655033562819309689e-01
1.137274549098196452e+01 1.502542791467973149e-01 1.369714016765028186e-01 1.655033562819309689e-01
1.138276553106212496e+01 1.502542791467973149e-01 1.369714016765028186e-01 1.655033562819309689e-01
1.139278557114228363e+01 1.502542791467973149e-01 1.369714016765028186e-01 1.655033562819309689e-01
1.140280561122244407e+01 1.502542791467973149e-01 1.369714016765028186e-01 1.655033562819309689e-01
1.141282565130260451e+01 1.502542791467973149e-01 1.369714016765028186e-01 1.655033562819309689e-01
1.142284569138276495e+01 1.502542791467973149e-01 1.369714016765028186e-01 1.655033562819309689e-01
1.143286573146292540e+01 1.502542791467973149e-01 1.369714016765028186e-01 1.655033562819309689e-01
1.144288577154308584e+01 1.502542791467973149e-01 1.369714016765028186e-01 1.655033562819309689e-01
1.145290581162324628e+01 1.502542791467973149e-01 1.369714016765028186e-01 1.655033562819309689e-01
1.146292585170340672e+01 1.502542791467973149e-01 1.369714016765028186e-01 1.655033562819309689e-01
1.147294589178356716e+01 1.502542791467973149e-01 1.369714016765028186e-01 1.655033562819309689e-01
1.148296593186372760e+01 1.502542791467973149e-01 1.369714016765028186e-01 1.655033562819309689e-01
1.149298597194388805e+01 1.502542791467973149e-01 1.369714016765028186e-01 1.655033562819309689e-01
1.150300601202404849e+01 1.502542791467973149e-01 1.369714016765028186e-01 1.655033562819309689e-01
1.151302605210420893e+01 1.502542791467973149e-01 1.369714016765028186e-01 1.655033562819309689e-01
1.152304609218436937e+01 1.502542791467973149e-01 1.369714016765028186e-01 1.655033562819309689e-01
1.153306613226452981e+01 1.502542791467973149e-01 1.369714016765028186e-01 1.655033562819309689e-01
1.154308617234469025e+01 1.502542791467973149e-01 1.369714016765028186e-01 1.655033562819309689e-01
1.155310621242484892e+01 1.502542791467973149e-01 1.369714016765028186e-01 1.655033562819309689e-01
1.156312625250500936e+01 1.502542791467973149e-01 1.369714016765028186e-01 1.655033562819309689e-01
1.157314629258516980e+01 1.502542791467973149e-01 1.369714016765028186e-01 1.655033562819309689e-01
1.158316633266533024e+01 1.502542791467973149e-01 1.369714016765028186e-01 1.655033562819309689e-01
1.159318637274549069e+01 1.502542791467973149e-01 1.369714016765028186e-01 1.655033562819309689e-01
1.160320641282565113e+01 1.502542791467973149e-01 1.369714016765028186e-01 1.655033562819309689e-01
1.161322645290581157e+01 1.502542791467973149e-01 1.369714016765028186e-01 1.655033562819309689e-01
1.162324649298597201e+01 1.502542791467973149e-01 1.369714016765028186e-01 1.655033562819309689e-01
1.163326653306613245e+01 1.502542791467973149e-01 1.369714016765028186e-01 1.655033562819309689e-01
1.164328657314629289e+01 1.502542791467973149e-01 1.369714016765028186e-01 1.655033562819309689e-01
1.165330661322645334e+01 1.502542791467973149e-01 1.369714016765028186e-01 1.655033562819309689e-01
1.166332665330661378e+01 1.502542791467973149e-01 1.369714016765028186e-01 1.655033562819309689e-01
1.167334669338677422e+01 1.502542791467973149e-01 1.369714016765028186e-01 1.655033562819309689e-01
1.168336673346693289e+01 1.502542791467973149e-01 1.369714016765028186e-01 1.655033562819309689e-01
1.169338677354709333e+01 1.502542791467973149e-01 1.369714016765028186e-01 1.655033562819309689e-01
1.170340681362725377e+01 1.502542791467973149e-01 1.369714016765028186e-01 1.655033562819309689e-01
1.171342685370741421e+01 1.502542791467973149e-01 1.369714016765028186e-01 1.655033562819309689e-01
1.172344689378757465e+01 1.502542791467973149e-01 1.369714016765028186e-01 1.655033562819309689e-01
1.173346693386773509e+01 1.502542791467973149e-01 1.369714016765028186e-01 1.655033562819309689e-01
1.174348697394789554e+01 1.502542791467973149e-01 1.369714016765028186e-01 1.655033562819309689e-01
1.175350701402805598e+01 1.502542791467973149e-01 1.369714016765028186e-01 1.655033562819309689e-01
1.176352705410821642e+01 1.502542791467973149e-01 1.369714016765028186e-01 1.655033562819309689e-01
1.177354709418837686e+01 1.502542791467973149e-01 1.369714016765028186e-01 1.655033562819309689e-01
1.178356713426853730e+01 1.502542791467973149e-01 1.369714016765028186e-01 1.655033562819309689e-01
1.179358717434869774e+01 1.502542791467973149e-01 1.369714016765028186e-01 1.655033562819309689e-01
1.180360721442885819e+01 1.502542791467973149e-01 1.369714016765028186e-01 1.655033562819309689e-01
1.181362725450901863e+01 1.502542791467973149e-01 1.369714016765028186e-01 1.655033562819309689e-01
1.182364729458917907e+01 1.502542791467973149e-01 1.369714016765028186e-01 1.655033562819309689e-01
1.183366733466933951e+01 1.502542791467973149e-01 1.369714016765028186e-01 1.655033562819309689e-01
1.184368737474949818e+01 1.502542791467973149e-01 1.369714016765028186e-01 1.655033562819309689e-01
1.185370741482965862e+01 1.502542791467973149e-01 1.369714016765028186e-01 1.655033562819309689e-01
1.186372745490981906e+01 1.502542791467973149e-01 1.369714016765028186e-01 1.655033562819309689e-01
1.187374749498997950e+01 1.502542791467973149e-01 1.369714016765028186e-01 1.655033562819309689e-01
1.188376753507013994e+01 1.502542791467973149e-01 1.369714016765028186e-01 1.655033562819309689e-01
1.189378757515030038e+01 1.502542791467973149e-01 1.369714016765028186e-01 1.655033562819309689e-01
1.190380761523046083e+01 1.502542791467973149e-01 1.369714016765028186e-01 1.655033562819309689e-01
1.191382765531062127e+01 1.502542791467973149e-01 1.369714016765028186e-01 1.655033562819309689e-01
1.192384769539078171e+01 1.502542791467973149e-01 1.369714016765028186e-01 1.655033562819309689e-01
1.193386773547094215e+01 1.502542791467973149e-01 1.369714016765028186e-01 1.655033562819309689e-01
1.194388777555110259e+01 1.502542791467973149e-01 1.369714016765028186e-01 1.655033562819309689e-01
1.195390781563126303e+01 1.502542791467973149e-01 1.369714016765028186e-01 1.655033562819309689e-01
1.196392785571142348e+01 1.502542791467973149e-01 1.369714016765028186e-01 1.655033562819309689e-01
1.197394789579158214e+01 1.502542791467973149e-01 1.369714016765028186e-01 1.655033562819309689e-01
1.198396793587174258e+01 1.502542791467973149e-01 1.369714016765028186e-01 1.655033562819309689e-01
1.199398797595190302e+01 1.502542791467973149e-01 1.369714016765028186e-01 1.655033562819309689e-01
1.200400801603206347e+01 1.502542791467973149e-01 1.369714016765028186e-01 1.655033562819309689e-01
1.201402805611222391e+01 1.502542791467973149e-01 1.369714016765028186e-01 1.655033562819309689e-01
1.202404809619238435e+01 1.502542791467973149e-01 1.369714016765028186e-01 1.655033562819309689e-01
1.203406813627254479e+01 1.502542791467973149e-01 1.369714016765028186e-01 1.655033562819309689e-01
1.204408817635270523e+01 1.502542791467973149e-01 1.369714016765028186e-01 1.655033562819309689e-01
1.205410821643286567e+01 1.502542791467973149e-01 1.369714016765028186e-01 1.655033562819309689e-01
1.206412825651302612e+01 1.502542791467973149e-01 1.369714016765028186e-01 1.655033562819309689e-01
1.207414829659318656e+01 1.502542791467973149e-01 1.369714016765028186e-01 1.655033562819309689e-01
1.208416833667334700e+01 1.502542791467973149e-01 1.369714016765028186e-01 1.655033562819309689e-01
1.209418837675350744e+01 1.502542791467973149e-01 1.369714016765028186e-01 1.655033562819309689e-01
1.210420841683366788e+01 1.502542791467973149e-01 1.369714016765028186e-01 1.655033562819309689e-01
1.211422845691382832e+01 1.502542791467973149e-01 1.369714016765028186e-01 1.655033562819309689e-01
1.212424849699398877e+01 1.502542791467973149e-01 1.369714016765028186e-01 1.655033562819309689e-01
1.213426853707414921e+01 1.502542791467973149e-01 1.369714016765028186e-01 1.655033562819309689e-01
1.214428857715430787e+01 1.502542791467973149e-01 1.369714016765028186e-01 1.655033562819309689e-01
1.215430861723446831e+01 1.502542791467973149e-01 1.369714016765028186e-01 1.655033562819309689e-01
1.216432865731462876e+01 1.502542791467973149e-01 1.369714016765028186e-01 1.655033562819309689e-01
1.217434869739478920e+01 1.502542791467973149e-01 1.369714016765028186e-01 1.655033562819309689e-01
1.218436873747494964e+01 1.502542791467973149e-01 1.369714016765028186e-01 1.655033562819309689e-01
1.219438877755511008e+01 1.502542791467973149e-01 1.369714016765028186e-01 1.655033562819309689e-01
1.220440881763527052e+01 1.502542791467973149e-01 1.369714016765028186e-01 1.655033562819309689e-01
1.221442885771543096e+01 1.502542791467973149e-01 1.369714016765028186e-01 1.655033562819309689e-01
1.222444889779559141e+01 1.502542791467973149e-01 1.369714016765028186e-01 1.655033562819309689e-01
1.223446893787575185e+01 1.502542791467973149e-01 1.369714016765028186e-01 1.655033562819309689e-01
1.224448897795591229e+01 1.502542791467973149e-01 1.369714016765028186e-01 1.655033562819309689e-01
1.225450901803607096e+01 1.502542791467973149e-01 1.369714016765028186e-01 1.655033562819309689e-01
1.226452905811623140e+01 1.502542791467973149e-01 1.369714016765028186e-01 1.655033562819309689e-01
1.227454909819639184e+01 1.502542791467973149e-01 1.369714016765028186e-01 1.655033562819309689e-01
1.228456913827655228e+01 1.502542791467973149e-01 1.369714016765028186e-01 1.655033562819309689e-01
1.229458917835671272e+01 1.502542791467973149e-01 1.369714016765028186e-01 1.655033562819309689e-01
1.230460921843687316e+01 1.502542791467973149e-01 1.369714016765028186e-01 1.655033562819309689e-01
1.231462925851703361e+01 1.502542791467973149e-01 1.369714016765028186e-01 1.655033562819309689e-01
1.232464929859719405e+01 1.502542791467973149e-01 1.369714016765028186e-01 1.655033562819309689e-01
1.233466933867735449e+01 1.502542791467973149e-01 1.369714016765028186e-01 1.655033562819309689e-01
1.234468937875751493e+01 1.502542791467973149e-01 1.369714016765028186e-01 1.655033562819309689e-01
1.235470941883767537e+01 1.502542791467973149e-01 1.369714016765028186e-01 1.655033562819309689e-01
1.236472945891783581e+01 1.502542791467973149e-01 1.369714016765028186e-01 1.655033562819309689e-01
1.237474949899799626e+01 1.502542791467973149e-01 1.369714016765028186e-01 1.655033562819309689e-01
1.238476953907815670e+01 1.502542791467973149e-01 1.369714016765028186e-01 1.655033562819309689e-01
1.239478957915831714e+01 1.502542791467973149e-01 1.369714016765028186e-01 1.655033562819309689e-01
1.240480961923847758e+01 1.502542791467973149e-01 1.369714016765028186e-01 1.655033562819309689e-01
1.241482965931863802e+01 1.502542791467973149e-01 1.369714016765028186e-01 1.655033562819309689e-01
1.242484969939879846e+01 1.502542791467973149e-01 1.369714016765028186e-01 1.655033562819309689e-01
1.243486973947895891e+01 1.502542791467973149e-01 1.369714016765028186e-01 1.655033562819309689e-01
1.244488977955911757e+01 1.502542791467973149e-01 1.369714016765028186e-01 1.655033562819309689e-01
1.245490981963927801e+01 1.502542791467973149e-01 1.369714016765028186e-01 1.655033562819309689e-01
1.246492985971943845e+01 1.502542791467973149e-01 1.369714016765028186e-01 1.655033562819309689e-01
1.247494989979959890e+01 1.502542791467973149e-01 1.369714016765028186e-01 1.655033562819309689e-01
1.248496993987975934e+01 1.502542791467973149e-01 1.369714016765028186e-01 1.655033562819309689e-01
1.249498997995991978e+01 1.502542791467973149e-01 1.369714016765028186e-01 1.655033562819309689e-01
1.250501002004008022e+01 1.502542791467973149e-01 1.369714016765028186e-01 1.655033562819309689e-01
1.251503006012024066e+01 1.502542791467973149e-01 1.369714016765028186e-01 1.655033562819309689e-01
1.252505010020040110e+01 1.502542791467973149e-01 1.369714016765028186e-01 1.655033562819309689e-01
1.253507014028056155e+01 1.502542791467973149e-01 1.369714016765028186e-01 1.655033562819309689e-01
1.254509018036072199e+01 1.502542791467973149e-01 1.369714016765028186e-01 1.655033562819309689e-01
1.255511022044088065e+01 1.502542791467973149e-01 1.369714016765028186e-01 1.655033562819309689e-01
1.256513026052104109e+01 1.502542791467973149e-01 1.369714016765028186e-01 1.655033562819309689e-01
1.257515030060120154e+01 1.502542791467973149e-01 1.369714016765028186e-01 1.655033562819309689e-01
1.258517034068136198e+01 1.502542791467973149e-01 1.369714016765028186e-01 1.655033562819309689e-01
1.259519038076152242e+01 1.502542791467973149e-01 1.369714016765028186e-01 1.655033562819309689e-01
1.260521042084168286e+01 1.502542791467973149e-01 1.369714016765028186e-01 1.655033562819309689e-01
1.261523046092184330e+01 1.502542791467973149e-01 1.369714016765028186e-01 1.655033562819309689e-01
1.262525050100200374e+01 1.502542791467973149e-01 1.369714016765028186e-01 1.655033562819309689e-01
1.263527054108216419e+01 1.502542791467973149e-01 1.369714016765028186e-01 1.655033562819309689e-01
1.264529058116232463e+01 1.502542791467973149e-01 1.369714016765028186e-01 1.655033562819309689e-01
1.265531062124248507e+01 1.502542791467973149e-01 1.369714016765028186e-01 1.655033562819309689e-01
1.266533066132264551e+01 1.502542791467973149e-01 1.369714016765028186e-01 1.655033562819309689e-01
1.267535070140280595e+01 1.502542791467973149e-01 1.369714016765028186e-01 1.655033562819309689e-01
1.268537074148296639e+01 1.502542791467973149e-01 1.369714016765028186e-01 1.655033562819309689e-01
1.269539078156312684e+01 1.502542791467973149e-01 1.369714016765028186e-01 1.655033562819309689e-01
1.270541082164328728e+01 1.502542791467973149e-01 1.369714016765028186e-01 1.655033562819309689e-01
1.271543086172344772e+01 1.502542791467973149e-01 1.369714016765028186e-01 1.655033562819309689e-01
1.272545090180360816e+01 1.502542791467973149e-01 1.369714016765028186e-01 1.655033562819309689e-01
1.273547094188376683e+01 1.502542791467973149e-01 1.369714016765028186e-01 1.655033562819309689e-01
1.274549098196392727e+01 1.502542791467973149e-01 1.369714016765028186e-01 1.655033562819309689e-01
1.275551102204408771e+01 1.502542791467973149e-01 1.369714016765028186e-01 1.655033562819309689e-01
1.276553106212424815e+01 1.502542791467973149e-01 1.369714016765028186e-01 1.655033562819309689e-01
1.277555110220440859e+01 1.502542791467973149e-01 1.369714016765028186e-01 1.655033562819309689e-01
1.278557114228456904e+01 1.502542791467973149e-01 1.369714016765028186e-01 1.655033562819309689e-01
1.279559118236472948e+01 1.502542791467973149e-01 1.369714016765028186e-01 1.655033562819309689e-01
1.280561122244488992e+01 1.502542791467973149e-01 1.369714016765028186e-01 1.655033562819309689e-01
1.281563126252505036e+01 1.502542791467973149e-01 1.369714016765028186e-01 1.655033562819309689e-01
1.282565130260521080e+01 1.502542791467973149e-01 1.369714016765028186e-01 1.655033562819309689e-01
1.283567134268537124e+01 1.502542791467973149e-01 1.369714016765028186e-01 1.655033562819309689e-01
1.284569138276552991e+01 1.502542791467973149e-01 1.369714016765028186e-01 1.655033562819309689e-01
1.285571142284569035e+01 1.502542791467973149e-01 1.369714016765028186e-01 1.655033562819309689e-01
1.286573146292585079e+01 1.502542791467973149e-01 1.369714016765028186e-01 1.655033562819309689e-01
1.287575150300601123e+01 1.502542791467973149e-01 1.369714016765028186e-01 1.655033562819309689e-01
1.288577154308617168e+01 1.502542791467973149e-01 1.369714016765028186e-01 1.655033562819309689e-01
1.289579158316633212e+01 1.502542791467973149e-01 1.369714016765028186e-01 1.655033562819309689e-01
1.290581162324649256e+01 1.502542791467973149e-01 1.369714016765028186e-01 1.655033562819309689e-01
1.291583166332665300e+01 1.502542791467973149e-01 1.369714016765028186e-01 1.655033562819309689e-01
1.292585170340681344e+01 1.502542791467973149e-01 1.369714016765028186e-01 1.655033562819309689e-01
1.293587174348697388e+01 1.502542791467973149e-01 1.369714016765028186e-01 1.655033562819309689e-01
1.294589178356713433e+01 1.502542791467973149e-01 1.369714016765028186e-01 1.655033562819309689e-01
1.295591182364729477e+01 1.502542791467973149e-01 1.369714016765028186e-01 1.655033562819309689e-01
1.296593186372745521e+01 1.502542791467973149e-01 1.369714016765028186e-01 1.655033562819309689e-01
1.297595190380761565e+01 1.502542791467973149e-01 1.369714016765028186e-01 1.655033562819309689e-01
1.298597194388777609e+01 1.502542791467973149e-01 1.369714016765028186e-01 1.655033562819309689e-01
1.299599198396793653e+01 1.502542791467973149e-01 1.369714016765028186e-01 1.655033562819309689e-01
1.300601202404809698e+01 1.502542791467973149e-01 1.369714016765028186e-01 1.655033562819309689e-01
1.301603206412825742e+01 1.502542791467973149e-01 1.369714016765028186e-01 1.655033562819309689e-01
1.302605210420841608e+01 1.502542791467973149e-01 1.369714016765028186e-01 1.655033562819309689e-01
1.303607214428857652e+01 1.502542791467973149e-01 1.369714016765028186e-01 1.655033562819309689e-01
1.304609218436873697e+01 1.502542791467973149e-01 1.369714016765028186e-01 1.655033562819309689e-01
1.305611222444889741e+01 1.502542791467973149e-01 1.369714016765028186e-01 1.655033562819309689e-01
1.306613226452905785e+01 1.502542791467973149e-01 1.369714016765028186e-01 1.655033562819309689e-01
1.307615230460921829e+01 1.502542791467973149e-01 1.369714016765028186e-01 1.655033562819309689e-01
1.308617234468937873e+01 1.502542791467973149e-01 1.369714016765028186e-01 1.655033562819309689e-01
1.309619238476953917e+01 1.502542791467973149e-01 1.369714016765028186e-01 1.655033562819309689e-01
1.310621242484969962e+01 1.502542791467973149e-01 1.369714016765028186e-01 1.655033562819309689e-01
1.311623246492986006e+01 1.502542791467973149e-01 1.369714016765028186e-01 1.655033562819309689e-01
1.312625250501002050e+01 1.502542791467973149e-01 1.369714016765028186e-01 1.655033562819309689e-01
1.313627254509017916e+01 1.502542791467973149e-01 1.369714016765028186e-01 1.655033562819309689e-01
1.314629258517033961e+01 1.502542791467973149e-01 1.369714016765028186e-01 1.655033562819309689e-01
1.315631262525050005e+01 1.502542791467973149e-01 1.369714016765028186e-01 1.655033562819309689e-01
1.316633266533066049e+01 1.502542791467973149e-01 1.369714016765028186e-01 1.655033562819309689e-01
1.317635270541082093e+01 1.502542791467973149e-01 1.369714016765028186e-01 1.655033562819309689e-01
1.318637274549098137e+01 1.502542791467973149e-01 1.369714016765028186e-01 1.655033562819309689e-01
1.319639278557114181e+01 1.502542791467973149e-01 1.369714016765028186e-01 1.655033562819309689e-01
1.320641282565130226e+01 1.502542791467973149e-01 1.369714016765028186e-01 1.655033562819309689e-01
1.321643286573146270e+01 1.502542791467973149e-01 1.369714016765028186e-01 1.655033562819309689e-01
1.322645290581162314e+01 1.502542791467973149e-01 1.369714016765028186e-01 1.655033562819309689e-01
1.323647294589178358e+01 1.502542791467973149e-01 1.369714016765028186e-01 1.655033562819309689e-01
1.324649298597194402e+01 1.502542791467973149e-01 1.369714016765028186e-01 1.655033562819309689e-01
1.325651302605210446e+01 1.502542791467973149e-01 1.369714016765028186e-01 1.655033562819309689e-01
1.326653306613226491e+01 1.502542791467973149e-01 1.369714016765028186e-01 1.655033562819309689e-01
1.327655310621242535e+01 1.502542791467973149e-01 1.369714016765028186e-01 1.655033562819309689e-01
1.328657314629258579e+01 1.502542791467973149e-01 1.369714016765028186e-01 1.655033562819309689e-01
1.329659318637274623e+01 1.502542791467973149e-01 1.369714016765028186e-01 1.655033562819309689e-01
1.330661322645290667e+01 1.502542791467973149e-01 1.369714016765028186e-01 1.655033562819309689e-01
1.331663326653306534e+01 1.502542791467973149e-01 1.369714016765028186e-01 1.655033562819309689e-01
1.332665330661322578e+01 1.502542791467973149e-01 1.369714016765028186e-01 1.655033562819309689e-01
1.333667334669338622e+01 1.502542791467973149e-01 1.369714016765028186e-01 1.655033562819309689e-01
1.334669338677354666e+01 1.502542791467973149e-01 1.369714016765028186e-01 1.655033562819309689e-01
1.335671342685370711e+01 1.502542791467973149e-01 1.369714016765028186e-01 1.655033562819309689e-01
1.336673346693386755e+01 1.502542791467973149e-01 1.369714016765028186e-01 1.655033562819309689e-01
1.337675350701402799e+01 1.502542791467973149e-01 1.369714016765028186e-01 1.655033562819309689e-01
1.338677354709418843e+01 1.502542791467973149e-01 1.369714016765028186e-01 1.655033562819309689e-01
1.339679358717434887e+01 1.502542791467973149e-01 1.369714016765028186e-01 1.655033562819309689e-01
1.340681362725450931e+01 1.502542791467973149e-01 1.369714016765028186e-01 1.655033562819309689e-01
1.341683366733466976e+01 1.502542791467973149e-01 1.369714016765028186e-01 1.655033562819309689e-01
1.342685370741482842e+01 1.502542791467973149e-01 1.369714016765028186e-01 1.655033562819309689e-01
1.343687374749498886e+01 1.502542791467973149e-01 1.369714016765028186e-01 1.655033562819309689e-01
1.344689378757514930e+01 1.502542791467973149e-01 1.369714016765028186e-01 1.655033562819309689e-01
1.345691382765530975e+01 1.502542791467973149e-01 1.369714016765028186e-01 1.655033562819309689e-01
1.346693386773547019e+01 1.502542791467973149e-01 1.369714016765028186e-01 1.655033562819309689e-01
1.347695390781563063e+01 1.502542791467973149e-01 1.369714016765028186e-01 1.655033562819309689e-01
1.348697394789579107e+01 1.502542791467973149e-01 1.369714016765028186e-01 1.655033562819309689e-01
1.349699398797595151e+01 1.502542791467973149e-01 1.369714016765028186e-01 1.655033562819309689e-01
1.350701402805611195e+01 1.502542791467973149e-01 1.369714016765028186e-01 1.655033562819309689e-01
1.351703406813627240e+01 1.502542791467973149e-01 1.369714016765028186e-01 1.655033562819309689e-01
1.352705410821643284e+01 1.502542791467973149e-01 1.369714016765028186e-01 1.655033562819309689e-01
1.353707414829659328e+01 1.502542791467973149e-01 1.369714016765028186e-01 1.655033562819309689e-01
1.354709418837675372e+01 1.502542791467973149e-01 1.369714016765028186e-01 1.655033562819309689e-01
1.355711422845691416e+01 1.502542791467973149e-01 1.369714016765028186e-01 1.655033562819309689e-01
1.356713426853707460e+01 1.502542791467973149e-01 1.369714016765028186e-01 1.655033562819309689e-01
1.357715430861723505e+01 1.502542791467973149e-01 1.369714016765028186e-01 1.655033562819309689e-01
1.358717434869739549e+01 1.502542791467973149e-01 1.369714016765028186e-01 1.655033562819309689e-01
1.359719438877755593e+01 1.502542791467973149e-01 1.369714016765028186e-01 1.655033562819309689e-01
1.360721442885771637e+01 1.502542791467973149e-01 1.369714016765028186e-01 1.655033562819309689e-01
1.361723446893787504e+01 1.502542791467973149e-01 1.369714016765028186e-01 1.655033562819309689e-01
1.362725450901803548e+01 1.502542791467973149e-01 1.369714016765028186e-01 1.655033562819309689e-01
1.363727454909819592e+01 1.502542791467973149e-01 1.369714016765028186e-01 1.655033562819309689e-01
1.364729458917835636e+01 1.502542791467973149e-01 1.369714016765028186e-01 1.655033562819309689e-01
1.365731462925851680e+01 1.502542791467973149e-01 1.369714016765028186e-01 1.655033562819309689e-01
1.366733466933867724e+01 1.502542791467973149e-01 1.369714016765028186e-01 1.655033562819309689e-01
1.367735470941883769e+01 1.502542791467973149e-01 1.369714016765028186e-01 1.655033562819309689e-01
1.368737474949899813e+01 1.502542791467973149e-01 1.369714016765028186e-01 1.655033562819309689e-01
1.369739478957915857e+01 1.502542791467973149e-01 1.369714016765028186e-01 1.655033562819309689e-01
1.370741482965931901e+01 1.502542791467973149e-01 1.369714016765028186e-01 1.655033562819309689e-01
1.371743486973947945e+01 1.502542791467973149e-01 1.369714016765028186e-01 1.655033562819309689e-01
1.372745490981963812e+01 1.502542791467973149e-01 1.369714016765028186e-01 1.655033562819309689e-01
1.373747494989979856e+01 1.502542791467973149e-01 1.369714016765028186e-01 1.655033562819309689e-01
1.374749498997995900e+01 1.502542791467973149e-01 1.369714016765028186e-01 1.655033562819309689e-01
1.375751503006011944e+01 1.502542791467973149e-01 1.369714016765028186e-01 1.655033562819309689e-01
1.376753507014027988e+01 1.502542791467973149e-01 1.369714016765028186e-01 1.655033562819309689e-01
1.377755511022044033e+01 1.502542791467973149e-01 1.369714016765028186e-01 1.655033562819309689e-01
1.378757515030060077e+01 1.502542791467973149e-01 1.369714016765028186e-01 1.655033562819309689e-01
1.379759519038076121e+01 1.502542791467973149e-01 1.369714016765028186e-01 1.655033562819309689e-01
1.380761523046092165e+01 1.502542791467973149e-01 1.369714016765028186e-01 1.655033562819309689e-01
1.381763527054108209e+01 1.502542791467973149e-01 1.369714016765028186e-01 1.655033562819309689e-01
1.382765531062124253e+01 1.502542791467973149e-01 1.369714016765028186e-01 1.655033562819309689e-01
1.383767535070140298e+01 1.502542791467973149e-01 1.369714016765028186e-01 1.655033562819309689e-01
1.384769539078156342e+01 1.502542791467973149e-01 1.369714016765028186e-01 1.655033562819309689e-01
1.385771543086172386e+01 1.502542791467973149e-01 1.369714016765028186e-01 1.655033562819309689e-01
1.386773547094188430e+01 1.502542791467973149e-01 1.369714016765028186e-01 1.655033562819309689e-01
1.387775551102204474e+01 1.502542791467973149e-01 1.369714016765028186e-01 1.655033562819309689e-01
1.388777555110220518e+01 1.502542791467973149e-01 1.369714016765028186e-01 1.655033562819309689e-01
1.389779559118236563e+01 1.502542791467973149e-01 1.369714016765028186e-01 1.655033562819309689e-01
1.390781563126252429e+01 1.502542791467973149e-01 1.369714016765028186e-01 1.655033562819309689e-01
1.391783567134268473e+01 1.502542791467973149e-01 1.369714016765028186e-01 1.655033562819309689e-01
1.392785571142284518e+01 1.502542791467973149e-01 1.369714016765028186e-01 1.655033562819309689e-01
1.393787575150300562e+01 1.502542791467973149e-01 1.369714016765028186e-01 1.655033562819309689e-01
1.394789579158316606e+01 1.502542791467973149e-01 1.369714016765028186e-01 1.655033562819309689e-01
1.395791583166332650e+01 1.502542791467973149e-01 1.369714016765028186e-01 1.655033562819309689e-01
1.396793587174348694e+01 1.502542791467973149e-01 1.369714016765028186e-01 1.655033562819309689e-01
1.397795591182364738e+01 1.502542791467973149e-01 1.369714016765028186e-01 1.655033562819309689e-01
1.398797595190380783e+01 1.502542791467973149e-01 1.369714016765028186e-01 1.655033562819309689e-01
1.399799599198396827e+01 1.502542791467973149e-01 1.369714016765028186e-01 1.655033562819309689e-01
1.400801603206412693e+01 1.502542791467973149e-01 1.369714016765028186e-01 1.655033562819309689e-01
1.401803607214428737e+01 1.502542791467973149e-01 1.369714016765028186e-01 1.655033562819309689e-01
1.402805611222444782e+01 1.502542791467973149e-01 1.369714016765028186e-01 1.655033562819309689e-01
1.403807615230460826e+01 1.502542791467973149e-01 1.369714016765028186e-01 1.655033562819309689e-01
1.404809619238476870e+01 1.502542791467973149e-01 1.369714016765028186e-01 1.655033562819309689e-01
1.405811623246492914e+01 1.502542791467973149e-01 1.369714016765028186e-01 1.655033562819309689e-01
1.406813627254508958e+01 1.502542791467973149e-01 1.369714016765028186e-01 1.655033562819309689e-01
1.407815631262525002e+01 1.502542791467973149e-01 1.369714016765028186e-01 1.655033562819309689e-01
1.408817635270541047e+01 1.502542791467973149e-01 1.369714016765028186e-01 1.655033562819309689e-01
1.409819639278557091e+01 1.502542791467973149e-01 1.369714016765028186e-01 1.655033562819309689e-01
1.410821643286573135e+01 1.502542791467973149e-01 1.369714016765028186e-01 1.655033562819309689e-01
1.411823647294589179e+01 1.502542791467973149e-01 1.369714016765028186e-01 1.655033562819309689e-01
1.412825651302605223e+01 1.502542791467973149e-01 1.369714016765028186e-01 1.655033562819309689e-01
1.413827655310621267e+01 1.502542791467973149e-01 1.369714016765028186e-01 1.655033562819309689e-01
1.414829659318637312e+01 1.502542791467973149e-01 1.369714016765028186e-01 1.655033562819309689e-01
1.415831663326653356e+01 1.502542791467973149e-01 1.369714016765028186e-01 1.655033562819309689e-01
1.416833667334669400e+01 1.502542791467973149e-01 1.369714016765028186e-01 1.655033562819309689e-01
1.417835671342685444e+01 1.502542791467973149e-01 1.369714016765028186e-01 1.655033562819309689e-01
1.418837675350701488e+01 1.502542791467973149e-01 1.369714016765028186e-01 1.655033562819309689e-01
1.419839679358717532e+01 1.502542791467973149e-01 1.369714016765028186e-01 1.655033562819309689e-01
1.420841683366733577e+01 1.502542791467973149e-01 1.369714016765028186e-01 1.655033562819309689e-01
1.421843687374749443e+01 1.502542791467973149e-01 1.369714016765028186e-01 1.655033562819309689e-01
1.422845691382765487e+01 1.502542791467973149e-01 1.369714016765028186e-01 1.655033562819309689e-01
1.423847695390781531e+01 1.502542791467973149e-01 1.369714016765028186e-01 1.655033562819309689e-01
1.424849699398797576e+01 1.502542791467973149e-01 1.369714016765028186e-01 1.655033562819309689e-01
1.425851703406813620e+01 1.502542791467973149e-01 1.369714016765028186e-01 1.655033562819309689e-01
1.426853707414829664e+01 1.502542791467973149e-01 1.369714016765028186e-01 1.655033562819309689e-01
1.427855711422845708e+01 1.502542791467973149e-01 1.369714016765028186e-01 1.655033562819309689e-01
1.428857715430861575e+01 1.502542791467973149e-01 1.369714016765028186e-01 1.655033562819309689e-01
1.429859719438877619e+01 1.502542791467973149e-01 1.369714016765028186e-01 1.655033562819309689e-01
1.430861723446893663e+01 1.502542791467973149e-01 1.369714016765028186e-01 1.655033562819309689e-01
1.431863727454909707e+01 1.502542791467973149e-01 1.369714016765028186e-01 1.655033562819309689e-01
1.432865731462925751e+01 1.502542791467973149e-01 1.369714016765028186e-01 1.655033562819309689e-01
1.433867735470941795e+01 1.502542791467973149e-01 1.369714016765028186e-01 1.655033562819309689e-01
1.434869739478957840e+01 1.502542791467973149e-01 1.369714016765028186e-01 1.655033562819309689e-01
1.435871743486973884e+01 1.502542791467973149e-01 1.369714016765028186e-01 1.655033562819309689e-01
1.436873747494989928e+01 1.502542791467973149e-01 1.369714016765028186e-01 1.655033562819309689e-01
1.437875751503005972e+01 1.502542791467973149e-01 1.369714016765028186e-01 1.655033562819309689e-01
1.438877755511022016e+01 1.502542791467973149e-01 1.369714016765028186e-01 1.655033562819309689e-01
1.439879759519038060e+01 1.502542791467973149e-01 1.369714016765028186e-01 1.655033562819309689e-01
1.440881763527054105e+01 1.502542791467973149e-01 1.369714016765028186e-01 1.655033562819309689e-01
1.441883767535070149e+01 1.502542791467973149e-01 1.369714016765028186e-01 1.655033562819309689e-01
1.442885771543086193e+01 1.502542791467973149e-01 1.369714016765028186e-01 1.655033562819309689e-01
1.443887775551102237e+01 1.502542791467973149e-01 1.369714016765028186e-01 1.655033562819309689e-01
1.444889779559118281e+01 1.502542791467973149e-01 1.369714016765028186e-01 1.655033562819309689e-01
1.445891783567134325e+01 1.502542791467973149e-01 1.369714016765028186e-01 1.655033562819309689e-01
1.446893787575150370e+01 1.502542791467973149e-01 1.369714016765028186e-01 1.655033562819309689e-01
1.447895791583166414e+01 1.502542791467973149e-01 1.369714016765028186e-01 1.655033562819309689e-01
1.448897795591182458e+01 1.502542791467973149e-01 1.369714016765028186e-01 1.655033562819309689e-01
1.449899799599198502e+01 1.502542791467973149e-01 1.369714016765028186e-01 1.655033562819309689e-01
1.450901803607214369e+01 1.502542791467973149e-01 1.369714016765028186e-01 1.655033562819309689e-01
1.451903807615230413e+01 1.502542791467973149e-01 1.369714016765028186e-01 1.655033562819309689e-01
1.452905811623246457e+01 1.502542791467973149e-01 1.369714016765028186e-01 1.655033562819309689e-01
1.453907815631262501e+01 1.502542791467973149e-01 1.369714016765028186e-01 1.655033562819309689e-01
1.454909819639278545e+01 1.502542791467973149e-01 1.369714016765028186e-01 1.655033562819309689e-01
1.455911823647294590e+01 1.502542791467973149e-01 1.369714016765028186e-01 1.655033562819309689e-01
1.456913827655310634e+01 1.502542791467973149e-01 1.369714016765028186e-01 1.655033562819309689e-01
1.457915831663326678e+01 1.502542791467973149e-01 1.369714016765028186e-01 1.655033562819309689e-01
1.458917835671342544e+01 1.502542791467973149e-01 1.369714016765028186e-01 1.655033562819309689e-01
1.459919839679358589e+01 1.502542791467973149e-01 1.369714016765028186e-01 1.655033562819309689e-01
1.460921843687374633e+01 1.502542791467973149e-01 1.369714016765028186e-01 1.655033562819309689e-01
1.461923847695390677e+01 1.502542791467973149e-01 1.369714016765028186e-01 1.655033562819309689e-01
1.462925851703406721e+01 1.502542791467973149e-01 1.369714016765028186e-01 1.655033562819309689e-01
1.463927855711422765e+01 1.502542791467973149e-01 1.369714016765028186e-01 1.655033562819309689e-01
1.464929859719438809e+01 1.502542791467973149e-01 1.369714016765028186e-01 1.655033562819309689e-01
1.465931863727454854e+01 1.502542791467973149e-01 1.369714016765028186e-01 1.655033562819309689e-01
1.466933867735470898e+01 1.502542791467973149e-01 1.369714016765028186e-01 1.655033562819309689e-01
1.467935871743486942e+01 1.502542791467973149e-01 1.369714016765028186e-01 1.655033562819309689e-01
1.468937875751502986e+01 1.502542791467973149e-01 1.369714016765028186e-01 1.655033562819309689e-01
1.469939879759519030e+01 1.502542791467973149e-01 1.369714016765028186e-01 1.655033562819309689e-01
1.470941883767535074e+01 1.502542791467973149e-01 1.369714016765028186e-01 1.655033562819309689e-01
1.471943887775551119e+01 1.502542791467973149e-01 1.369714016765028186e-01 1.655033562819309689e-01
1.472945891783567163e+01 1.502542791467973149e-01 1.369714016765028186e-01 1.655033562819309689e-01
1.473947895791583207e+01 1.502542791467973149e-01 1.369714016765028186e-01 1.655033562819309689e-01
1.474949899799599251e+01 1.502542791467973149e-01 1.369714016765028186e-01 1.655033562819309689e-01
1.475951903807615295e+01 1.502542791467973149e-01 1.369714016765028186e-01 1.655033562819309689e-01
1.476953907815631339e+01 1.502542791467973149e-01 1.369714016765028186e-01 1.655033562819309689e-01
1.477955911823647384e+01 1.502542791467973149e-01 1.369714016765028186e-01 1.655033562819309689e-01
1.478957915831663428e+01 1.502542791467973149e-01 1.369714016765028186e-01 1.655033562819309689e-01
1.479959919839679472e+01 1.502542791467973149e-01 1.369714016765028186e-01 1.655033562819309689e-01
1.480961923847695338e+01 1.502542791467973149e-01 1.369714016765028186e-01 1.655033562819309689e-01
1.481963927855711383e+01 1.502542791467973149e-01 1.369714016765028186e-01 1.655033562819309689e-01
1.482965931863727427e+01 1.502542791467973149e-01 1.369714016765028186e-01 1.655033562819309689e-01
1.483967935871743471e+01 1.502542791467973149e-01 1.369714016765028186e-01 1.655033562819309689e-01
1.484969939879759515e+01 1.502542791467973149e-01 1.369714016765028186e-01 1.655033562819309689e-01
1.485971943887775559e+01 1.502542791467973149e-01 1.369714016765028186e-01 1.655033562819309689e-01
1.486973947895791603e+01 1.502542791467973149e-01 1.369714016765028186e-01 1.655033562819309689e-01
1.487975951903807470e+01 1.502542791467973149e-01 1.369714016765028186e-01 1.655033562819309689e-01
1.488977955911823514e+01 1.502542791467973149e-01 1.369714016765028186e-01 1.655033562819309689e-01
1.489979959919839558e+01 1.502542791467973149e-01 1.369714016765028186e-01 1.655033562819309689e-01
1.490981963927855602e+01 1.502542791467973149e-01 1.369714016765028186e-01 1.655033562819309689e-01
1.491983967935871647e+01 1.502542791467973149e-01 1.369714016765028186e-01 1.655033562819309689e-01
1.492985971943887691e+01 1.502542791467973149e-01 1.369714016765028186e-01 1.655033562819309689e-01
1.493987975951903735e+01 1.502542791467973149e-01 1.369714016765028186e-01 1.655033562819309689e-01
1.494989979959919779e+01 1.502542791467973149e-01 1.369714016765028186e-01 1.655033562819309689e-01
1.495991983967935823e+01 1.502542791467973149e-01 1.369714016765028186e-01 1.655033562819309689e-01
1.496993987975951867e+01 1.502542791467973149e-01 1.369714016765028186e-01 1.655033562819309689e-01
1.497995991983967912e+01 1.502542791467973149e-01 1.369714016765028186e-01 1.655033562819309689e-01
1.498997995991983956e+01 1.502542791467973149e-01 1.369714016765028186e-01 1.655033562819309689e-01
1.500000000000000000e+01 1.502542791467973149e-01 1.369714016765028186e-01 1.655033562819309689e-01
