3.539034586317787445e-01 9.942010492921605547e+00
4.810809282451223856e-01 8.080997380044944833e+00
6.539604343397805719e-01 6.524438452384600851e+00
8.889652958014770956e-01 4.997071542556568602e+00
1.208420656116956815e+00 3.786970173917545424e+00
1.642674341762206502e+00 2.708040353298039715e+00
2.232979864606631004e+00 1.951519300833130854e+00
3.035415449656088338e+00 1.371117925927620940e+00
4.126211390461417494e+00 9.569298036261859597e-01
5.608991823739494009e+00 6.401076250485850938e-01
7.624618881985678165e+00 4.158493218554886184e-01
1.036457440524031171e+01 2.554242535602603281e-01
1.408915045649941433e+01 1.506699791551155687e-01
1.915217671509157427e+01 8.447444730886795317e-02
2.603463381689461897e+01 4.424753116904957262e-02
