3.539034586317787445e-01 2.894206391240555831e+02
4.810809282451223856e-01 5.653059487962484297e+01
6.539604343397805719e-01 8.276584309802549910e+01
8.889652958014770956e-01 3.521265954179983027e+01
1.208420656116956815e+00 2.421911451018623396e+01
1.642674341762206502e+00 1.974889230088126624e+01
2.232979864606631004e+00 1.644970246961991123e+01
3.035415449656088338e+00 1.357238353096934702e+01
4.126211390461417494e+00 8.163527350536472937e+00
5.608991823739494009e+00 5.336126425822054209e+00
7.624618881985678165e+00 3.021761093818669419e+00
1.036457440524031171e+01 1.712159183443166199e+00
1.408915045649941433e+01 1.005928598645779770e+00
1.915217671509157427e+01 4.983804712888044719e-01
2.603463381689461897e+01 2.689832679965836193e-01
