3.539034586317787445e-01 9.652285291019180136e+01
4.810809282451223856e-01 7.019783817642414192e+01
6.539604343397805719e-01 3.324153489828078989e+01
8.889652958014770956e-01 3.040335145486542956e+01
1.208420656116956815e+00 1.944530963472812601e+01
1.642674341762206502e+00 1.535712813816322786e+01
2.232979864606631004e+00 1.147050726199393367e+01
3.035415449656088338e+00 8.770298933203026337e+00
4.126211390461417494e+00 5.675464399378368441e+00
5.608991823739494009e+00 3.688438808597954477e+00
7.624618881985678165e+00 2.159411520186354405e+00
1.036457440524031171e+01 1.193547726162824230e+00
1.408915045649941433e+01 6.758724723512105070e-01
1.915217671509157427e+01 3.626621646463547566e-01
2.603463381689461897e+01 1.920350739935022255e-01
