3.539034586317787445e-01 9.958125528507419943e+00
4.810809282451223856e-01 9.394336249583815857e+00
6.539604343397805719e-01 7.717763315699504467e+00
8.889652958014770956e-01 6.501634192289593273e+00
1.208420656116956815e+00 5.690190959166415041e+00
1.642674341762206502e+00 4.885105305784574803e+00
2.232979864606631004e+00 3.991355266378364686e+00
3.035415449656088338e+00 2.979943505288401795e+00
4.126211390461417494e+00 2.120437441595292238e+00
5.608991823739494009e+00 1.419383835666208515e+00
7.624618881985678165e+00 8.807634339870842322e-01
1.036457440524031171e+01 5.335662779476946227e-01
1.408915045649941433e+01 3.122114981183922167e-01
1.915217671509157427e+01 1.750934730197054034e-01
2.603463381689461897e+01 9.230987899398201968e-02
