3.539034586317787445e-01 6.072203916259925727e+00 5.006067308881845257e+00
4.810809282451223856e-01 1.234076913068143000e+01 4.500662538037200733e+00
6.539604343397805719e-01 5.584512012514927903e+00 1.825691663089325623e+00
8.889652958014770956e-01 7.803295187126531474e+00 2.062072600645849629e+00
1.208420656116956815e+00 4.349172705130063932e+00 7.470026852059217237e-01
1.642674341762206502e+00 4.555935912336011029e+00 5.540019724372308163e-01
2.232979864606631004e+00 3.820213028325709193e+00 2.936574250209372794e-01
3.035415449656088338e+00 2.957235865332257241e+00 1.656574438605404875e-01
4.126211390461417494e+00 2.085785358356192720e+00 1.300874112708050589e-01
5.608991823739494009e+00 1.424619352056228472e+00 8.290606358624708072e-02
7.624618881985678165e+00 8.947924684430781372e-01 4.817933593846843859e-02
1.036457440524031171e+01 5.755958021144149672e-01 2.964143671540131822e-02
1.408915045649941433e+01 3.533479522009542184e-01 2.202550113904554185e-02
1.915217671509157427e+01 2.088112051034444472e-01 1.589761898014985589e-02
2.603463381689461897e+01 1.275897686944062748e-01 1.397684124408809375e-02
