4.810809282451223856e-01 1.163610703267344881e+01 7.273418897704909902e+00
6.539604343397805719e-01 3.849261854511305980e+00 2.774905132891970272e+00
8.889652958014770956e-01 2.539351253165625266e+00 1.590227479150232215e+00
1.208420656116956815e+00 3.443007874601489604e+00 1.109247811089841385e+00
1.642674341762206502e+00 3.945312040547489740e+00 8.979699023371783273e-01
2.232979864606631004e+00 3.351275529580614698e+00 5.368652794946779938e-01
3.035415449656088338e+00 2.503048682232828170e+00 3.018418867981082498e-01
4.126211390461417494e+00 1.755358678610921874e+00 1.836894947228651653e-01
5.608991823739494009e+00 1.415799049581162539e+00 9.836305103007965400e-02
7.624618881985678165e+00 8.749548525621413386e-01 6.773520830295105821e-02
1.036457440524031171e+01 5.556967400742428564e-01 4.395178334257494879e-02
1.408915045649941433e+01 3.202215907345159485e-01 2.915730841077539270e-02
1.915217671509157427e+01 1.857579742486583640e-01 2.403110198256721078e-02
2.603463381689461897e+01 9.911916008424687119e-02 1.892954617161170250e-02
