3.539034586317787445e-01 9.887321812078532446e+00 8.526662481724958553e+00
4.810809282451223856e-01 6.746087934748230985e+00 2.833385510709716559e+00
6.539604343397805719e-01 6.660694073944366522e+00 2.101882829582258694e+00
8.889652958014770956e-01 6.362639382640824515e+00 1.121978799944974181e+00
1.208420656116956815e+00 9.651406255116507182e+00 3.280744607498403020e+00
1.642674341762206502e+00 4.779041596425772198e+00 5.255929348557917269e-01
2.232979864606631004e+00 4.277905467124389460e+00 4.191875584489790918e-01
3.035415449656088338e+00 3.265146744527608114e+00 2.760979314227895998e-01
4.126211390461417494e+00 2.365272129812273860e+00 1.651933879575848418e-01
5.608991823739494009e+00 1.561291189167587357e+00 7.501898690139498227e-02
7.624618881985678165e+00 1.144879266610073554e+00 1.227298416884364946e-01
1.036457440524031171e+01 6.025265256891907395e-01 3.618322897481929951e-02
1.408915045649941433e+01 3.333430954094957488e-01 2.147392406274689289e-02
1.915217671509157427e+01 2.091961001850062840e-01 1.806108972486367495e-02
2.603463381689461897e+01 1.175765153400281648e-01 1.762508140785787672e-02
