3.539034586317787445e-01 8.457794357568744203e+00 3.239998483613954594e+00
4.810809282451223856e-01 4.303918923009087294e+00 1.705555728139278582e+00
6.539604343397805719e-01 8.154692182161204173e+00 1.620571695722786476e+00
8.889652958014770956e-01 5.692766294321721432e+00 9.181241916490090471e-01
1.208420656116956815e+00 4.712203495576056334e+00 4.394758477028294918e-01
1.642674341762206502e+00 4.138502213204865221e+00 2.633872552834720659e-01
2.232979864606631004e+00 3.294282897655717690e+00 1.708487789934984014e-01
3.035415449656088338e+00 2.646177399901556537e+00 1.373416837747204744e-01
4.126211390461417494e+00 1.770596991853399471e+00 5.939876910920881270e-02
5.608991823739494009e+00 1.249528499379525703e+00 4.767525505819403958e-02
7.624618881985678165e+00 7.810629740350241157e-01 3.020047512642883361e-02
1.036457440524031171e+01 4.680069336146633896e-01 2.185082249224904599e-02
1.408915045649941433e+01 2.851438389993780076e-01 1.656132806843308575e-02
1.915217671509157427e+01 1.725024446203759221e-01 1.271121560166664326e-02
2.603463381689461897e+01 8.346229875131701281e-02 9.800608896284302568e-03
