3.539034586317787445e-01 1.754997559218623593e+01 1.856266992828645357e+01
4.810809282451223856e-01 1.949445537320186617e+01 1.494541408682456662e+01
6.539604343397805719e-01 1.374533917383545223e+01 7.565044506083208553e+00
8.889652958014770956e-01 1.686615603574574251e+01 5.932462285875948815e+00
1.208420656116956815e+00 9.263822972048858517e+00 2.218379647466163007e+00
1.642674341762206502e+00 6.980853799460621900e+00 2.224740717708800553e+00
2.232979864606631004e+00 3.598122142274959412e+00 8.019263084378142059e-01
3.035415449656088338e+00 2.327771348300765375e+00 4.741917129763247307e-01
4.126211390461417494e+00 1.119117627649881763e+00 2.186697529919778837e-01
5.608991823739494009e+00 7.112625767244188379e-01 1.550690190981143801e-01
7.624618881985678165e+00 6.201632779845819288e-01 9.481904721121094115e-02
1.036457440524031171e+01 3.116673973942184483e-01 5.951813149997656899e-02
1.408915045649941433e+01 1.812289025367211093e-01 5.363569277865858076e-02
1.915217671509157427e+01 1.305531857763145565e-01 3.484848769516246669e-02
2.603463381689461897e+01 3.140821403841668330e-02 2.498398650343706950e-02
