3.539034586317787445e-01 1.694713761269211005e+01
4.810809282451223856e-01 1.137269218998613418e+01
6.539604343397805719e-01 9.724046822166361181e+00
8.889652958014770956e-01 8.108614917755367912e+00
1.208420656116956815e+00 6.879851411125156524e+00
1.642674341762206502e+00 5.845429818246159037e+00
2.232979864606631004e+00 4.384441180166591678e+00
3.035415449656088338e+00 3.181992427853197025e+00
4.126211390461417494e+00 2.161628304205156503e+00
5.608991823739494009e+00 1.414544697210104118e+00
7.624618881985678165e+00 8.884110983080401036e-01
1.036457440524031171e+01 5.368312641478766301e-01
1.408915045649941433e+01 3.140116855780092919e-01
1.915217671509157427e+01 1.733250125224116145e-01
2.603463381689461897e+01 9.097272880427000052e-02
