3.539034586317787445e-01 1.353709135966206034e+01
4.810809282451223856e-01 1.018638652799550570e+01
6.539604343397805719e-01 8.663398664716122966e+00
8.889652958014770956e-01 7.170268966659473442e+00
1.208420656116956815e+00 6.112142304631501766e+00
1.642674341762206502e+00 4.943936551147759317e+00
2.232979864606631004e+00 3.829502835848165088e+00
3.035415449656088338e+00 2.809360898530259387e+00
4.126211390461417494e+00 1.937507544958423367e+00
5.608991823739494009e+00 1.266602176496057774e+00
7.624618881985678165e+00 8.020359558020443425e-01
1.036457440524031171e+01 4.859415732513368558e-01
1.408915045649941433e+01 2.859110877470470991e-01
1.915217671509157427e+01 1.591381625460155935e-01
2.603463381689461897e+01 8.422926722428587809e-02
