3.539034586317787445e-01 2.495393150190530207e+01 4.846284048431930280e+00
4.810809282451223856e-01 1.996387267163018819e+01 3.586454488581943600e+00
6.539604343397805719e-01 1.197415972737258727e+01 1.480723767984693851e+00
8.889652958014770956e-01 7.758889534602972482e+00 6.458950023670143592e-01
1.208420656116956815e+00 5.371618321494642245e+00 3.605608976916608865e-01
1.642674341762206502e+00 5.429017340165136929e+00 1.360157192324726649e+00
2.232979864606631004e+00 2.523063768190808798e+00 1.469186056540151275e-01
3.035415449656088338e+00 2.010765338882118947e+00 1.099328329885502636e-01
4.126211390461417494e+00 1.110853397181553071e+00 5.926640738645843481e-02
5.608991823739494009e+00 8.067216417052546218e-01 5.502966291322199111e-02
7.624618881985678165e+00 5.114877077545135764e-01 2.929976490098879990e-02
1.036457440524031171e+01 2.964452167569880392e-01 1.746397540988647856e-02
1.408915045649941433e+01 1.843751771674617401e-01 1.312277935615988045e-02
1.915217671509157427e+01 1.036045812969388913e-01 1.097812016461866512e-02
2.603463381689461897e+01 5.057187546391909982e-02 8.498631426601246930e-03
