3.539034586317787445e-01 9.959201887984551860e+00
4.810809282451223856e-01 8.542145660359867776e+00
6.539604343397805719e-01 7.417627647751007025e+00
8.889652958014770956e-01 5.631212879650514758e+00
1.208420656116956815e+00 4.259807614899002282e+00
1.642674341762206502e+00 3.113859507053903020e+00
2.232979864606631004e+00 2.172339220988558139e+00
3.035415449656088338e+00 1.512125296994347945e+00
4.126211390461417494e+00 1.037229538718571265e+00
5.608991823739494009e+00 6.852544873895324296e-01
7.624618881985678165e+00 4.450805346473559743e-01
1.036457440524031171e+01 2.713615767654196653e-01
1.408915045649941433e+01 1.604711931104276235e-01
1.915217671509157427e+01 9.008802405165068639e-02
2.603463381689461897e+01 4.838282655502308682e-02
