4.810809282451223856e-01 1.203156015675612522e+01 9.198691504079615555e+00
6.539604343397805719e-01 8.268750308924815329e+00 5.465329732934726792e+00
8.889652958014770956e-01 4.396119035810998277e+00 2.724347459958891271e+00
1.208420656116956815e+00 6.198508411506228555e+00 3.420876677317776338e+00
1.642674341762206502e+00 4.893865306639312962e+00 1.031392923679661289e+00
2.232979864606631004e+00 5.607709720663259567e+00 7.181389069375925249e-01
3.035415449656088338e+00 3.334452552354626231e+00 4.096303256751427369e-01
4.126211390461417494e+00 2.285550706166028068e+00 2.671937156252859880e-01
5.608991823739494009e+00 1.515076262456645617e+00 1.540747203298604429e-01
7.624618881985678165e+00 1.112114603049874972e+00 1.046116830673762127e-01
1.036457440524031171e+01 6.594835477621724396e-01 5.955576381423290100e-02
1.408915045649941433e+01 4.467284492672183860e-01 4.339730084122062764e-02
1.915217671509157427e+01 2.568484673088839987e-01 3.135317920134434583e-02
2.603463381689461897e+01 1.254970348873064023e-01 2.397855591680544268e-02
