3.539034586317787445e-01 1.092279817893858862e+01
4.810809282451223856e-01 9.506338480986247674e+00
6.539604343397805719e-01 8.054024965723140639e+00
8.889652958014770956e-01 6.511445545211533847e+00
1.208420656116956815e+00 4.926410996443993717e+00
1.642674341762206502e+00 3.459728139767492827e+00
2.232979864606631004e+00 2.463872748011588065e+00
3.035415449656088338e+00 1.690240136142894034e+00
4.126211390461417494e+00 1.136022743503838583e+00
5.608991823739494009e+00 7.496895659045089699e-01
7.624618881985678165e+00 4.792255653151921702e-01
1.036457440524031171e+01 2.959472322597777594e-01
1.408915045649941433e+01 1.745707952732507007e-01
1.915217671509157427e+01 9.819996489816962271e-02
2.603463381689461897e+01 5.186783656040139245e-02
