3.539034586317787445e-01 9.100465343960838283e+00
4.810809282451223856e-01 1.030225419770586903e+01
6.539604343397805719e-01 9.806989310996749865e+00
8.889652958014770956e-01 7.699709039533881416e+00
1.208420656116956815e+00 6.479807572288871498e+00
1.642674341762206502e+00 5.831473707385042893e+00
2.232979864606631004e+00 5.089573490387602206e+00
3.035415449656088338e+00 4.022195207729375888e+00
4.126211390461417494e+00 2.942066724089471119e+00
5.608991823739494009e+00 1.905329474381758148e+00
7.624618881985678165e+00 1.196956548155036604e+00
1.036457440524031171e+01 7.071775614331969884e-01
1.408915045649941433e+01 4.113014794216294234e-01
1.915217671509157427e+01 2.266120946202432318e-01
2.603463381689461897e+01 1.236815045887221104e-01
