3.539034586317787445e-01 1.141211357654923653e+01 8.928103386330819902e+00
4.810809282451223856e-01 1.370556430028540973e+01 6.088423283183964863e+00
6.539604343397805719e-01 6.134807841197076783e+00 2.356758527450130369e+00
8.889652958014770956e-01 6.696469353710726047e+00 2.870270933496115173e+00
1.208420656116956815e+00 5.114772465104735488e+00 9.417483253108507313e-01
1.642674341762206502e+00 5.479018883930240946e+00 1.202973944540226992e+00
2.232979864606631004e+00 4.182301328962658715e+00 3.757598814174222257e-01
3.035415449656088338e+00 2.865968589647046816e+00 2.521708728725577942e-01
4.126211390461417494e+00 2.324323944578369883e+00 2.525878115166251825e-01
5.608991823739494009e+00 1.298459248958340639e+00 8.390317202038496958e-02
7.624618881985678165e+00 8.946280710536620440e-01 5.502908663917670945e-02
1.036457440524031171e+01 5.380463931430450319e-01 3.858783948478282377e-02
1.408915045649941433e+01 3.297587469514098313e-01 3.119565479833262545e-02
1.915217671509157427e+01 1.667745482533902202e-01 1.798612586291430462e-02
2.603463381689461897e+01 7.752930482072345475e-02 1.399359786505930195e-02
