3.539034586317787445e-01 4.619068864559609011e+01 1.522298401709969262e+01
4.810809282451223856e-01 2.820235951999939061e+01 7.343578055247687253e+00
6.539604343397805719e-01 3.090905305175697038e+01 5.428260159646129068e+00
8.889652958014770956e-01 2.060093427887546014e+01 2.904253270310403590e+00
1.208420656116956815e+00 1.540688208707488016e+01 1.501757008679217131e+00
1.642674341762206502e+00 1.207054789783014925e+01 2.176710059819399579e+00
2.232979864606631004e+00 8.675607460454431319e+00 5.572352189815538148e-01
3.035415449656088338e+00 6.370310249100842093e+00 3.057316979631745091e-01
4.126211390461417494e+00 4.333531334821858039e+00 1.983323620234450080e-01
5.608991823739494009e+00 2.744847376005873141e+00 1.126943197814282566e-01
7.624618881985678165e+00 1.506713985022468005e+00 6.558325102253338701e-02
1.036457440524031171e+01 8.591065205841560415e-01 5.483220776865969232e-02
1.408915045649941433e+01 4.780627493012415408e-01 3.423494038547045953e-02
1.915217671509157427e+01 2.813551025797272342e-01 2.679762327968367164e-02
2.603463381689461897e+01 1.454360089759423325e-01 1.787631885875554452e-02
