3.539034586317787445e-01 1.479026352262751232e+01
4.810809282451223856e-01 1.192561314798491168e+01
6.539604343397805719e-01 9.388548852935551636e+00
8.889652958014770956e-01 7.687495537581078509e+00
1.208420656116956815e+00 6.709581449874304049e+00
1.642674341762206502e+00 5.811330593726699689e+00
2.232979864606631004e+00 4.793166978734845429e+00
3.035415449656088338e+00 3.629727039804829580e+00
4.126211390461417494e+00 2.473197116042502586e+00
5.608991823739494009e+00 1.626639467010582818e+00
7.624618881985678165e+00 1.015238901788747983e+00
1.036457440524031171e+01 6.107110551098013929e-01
1.408915045649941433e+01 3.539974087579948470e-01
1.915217671509157427e+01 1.966185899559263761e-01
2.603463381689461897e+01 1.035932824161117649e-01
