3.539034586317787445e-01 6.718118242444734101e+00 2.643656380530912564e+00
4.810809282451223856e-01 1.062574438275919242e+01 4.215014595475580883e+00
6.539604343397805719e-01 5.781760978425394271e+00 1.270197211665105907e+00
8.889652958014770956e-01 6.158364191849050151e+00 1.151584570638822358e+00
1.208420656116956815e+00 6.251807758670806514e+00 5.040937405829184481e-01
1.642674341762206502e+00 5.102923310960324699e+00 4.952573264607716408e-01
2.232979864606631004e+00 3.760077489980417909e+00 1.575974142343793405e-01
3.035415449656088338e+00 2.910595550864619518e+00 1.132621133233619043e-01
4.126211390461417494e+00 1.928954865649865624e+00 9.125145180342299212e-02
5.608991823739494009e+00 1.343449299177458922e+00 5.525108309756626701e-02
7.624618881985678165e+00 8.107476022641839641e-01 3.104842102204043858e-02
1.036457440524031171e+01 5.077083414722513011e-01 2.128929174707707914e-02
1.408915045649941433e+01 2.972145968096792101e-01 1.520597376099122079e-02
1.915217671509157427e+01 1.619142363920862138e-01 1.352165323082412177e-02
2.603463381689461897e+01 9.246136140377657353e-02 1.063957193247072087e-02
