3.539034586317787445e-01 2.459890849996443762e+01 7.441786762440424141e+00
4.810809282451223856e-01 1.867174320322680003e+01 2.861980721494957525e+00
6.539604343397805719e-01 1.216375928870530920e+01 1.582478439634770639e+00
8.889652958014770956e-01 6.728487375602071552e+00 6.744675414164035265e-01
1.208420656116956815e+00 5.434455577141566351e+00 5.541721565759614165e-01
1.642674341762206502e+00 3.759123337342444415e+00 3.708176380167550468e-01
2.232979864606631004e+00 2.322107466932972208e+00 1.795460860578073636e-01
3.035415449656088338e+00 1.693014910308531018e+00 1.189326583798393372e-01
4.126211390461417494e+00 1.038193517902703533e+00 6.588176176518549532e-02
5.608991823739494009e+00 7.252132470025937083e-01 3.586008714836014244e-02
7.624618881985678165e+00 4.803219865993281767e-01 2.373222944777412732e-02
1.036457440524031171e+01 3.018450735877625246e-01 1.531846417850505487e-02
1.408915045649941433e+01 1.789473801310283718e-01 1.166362474391667396e-02
1.915217671509157427e+01 1.070518371571683031e-01 8.867130327840337320e-03
2.603463381689461897e+01 6.135839389333568039e-02 7.329233475975197726e-03
