3.539034586317787445e-01 9.670301997403422334e+00 6.097580736656728284e+00
4.810809282451223856e-01 7.236650358798975446e+00 3.764938528064343259e+00
6.539604343397805719e-01 1.323707287700691992e+01 3.693069443071844482e+00
8.889652958014770956e-01 3.917135502541888137e+00 1.167940632830547498e+00
1.208420656116956815e+00 5.021014840149499392e+00 7.588959407081982134e-01
1.642674341762206502e+00 4.215450552739498313e+00 5.426671647294540879e-01
2.232979864606631004e+00 3.515215823022105113e+00 2.553567030229160761e-01
3.035415449656088338e+00 2.548423762462549647e+00 1.958296036747814439e-01
4.126211390461417494e+00 1.820595860634424135e+00 1.299150021786434628e-01
5.608991823739494009e+00 1.125900395230630124e+00 6.810798788739234888e-02
7.624618881985678165e+00 7.307324131089432129e-01 4.749068253169120429e-02
1.036457440524031171e+01 4.494468417236086033e-01 3.160534675936127469e-02
1.408915045649941433e+01 2.451071044450120751e-01 2.020059232348957873e-02
1.915217671509157427e+01 1.450399761812546096e-01 1.670851153932359501e-02
2.603463381689461897e+01 8.637261892806544217e-02 1.209883356267227490e-02
