3.539034586317787445e-01 1.184719454633446567e+01
4.810809282451223856e-01 8.287628677347793626e+00
6.539604343397805719e-01 7.935319869577614149e+00
8.889652958014770956e-01 6.889419886723343822e+00
1.208420656116956815e+00 6.338313674577011447e+00
1.642674341762206502e+00 5.814316632611544300e+00
2.232979864606631004e+00 4.805485471355228633e+00
3.035415449656088338e+00 3.774691135013553467e+00
4.126211390461417494e+00 2.689896421407939275e+00
5.608991823739494009e+00 1.835377973284526565e+00
7.624618881985678165e+00 1.128477392514624311e+00
1.036457440524031171e+01 6.695474979784299396e-01
1.408915045649941433e+01 3.893194506381028597e-01
1.915217671509157427e+01 2.182440381016662323e-01
2.603463381689461897e+01 1.143616170508724023e-01
