3.539034586317787445e-01 1.485565338586162554e+01
4.810809282451223856e-01 1.089586109071438180e+01
6.539604343397805719e-01 8.903979090356674675e+00
8.889652958014770956e-01 7.487306121302376383e+00
1.208420656116956815e+00 6.409745934527751210e+00
1.642674341762206502e+00 5.296583096138862246e+00
2.232979864606631004e+00 4.076202024671681912e+00
3.035415449656088338e+00 2.956499307323547043e+00
4.126211390461417494e+00 2.029647709442630177e+00
5.608991823739494009e+00 1.328232072538199748e+00
7.624618881985678165e+00 8.345849377915470768e-01
1.036457440524031171e+01 5.057285682271432936e-01
1.408915045649941433e+01 2.965232747555347492e-01
1.915217671509157427e+01 1.643863411945662434e-01
2.603463381689461897e+01 8.709875739249769988e-02
