3.539034586317787445e-01 8.615683386099826535e+00
4.810809282451223856e-01 8.660053544757769117e+00
6.539604343397805719e-01 5.751451087847824439e+00
8.889652958014770956e-01 5.621420231460440675e+00
1.208420656116956815e+00 5.680625435369993426e+00
1.642674341762206502e+00 5.435437868813325579e+00
2.232979864606631004e+00 4.579640566817982261e+00
3.035415449656088338e+00 3.577644576260381903e+00
4.126211390461417494e+00 2.661931575617108248e+00
5.608991823739494009e+00 1.751314848986780248e+00
7.624618881985678165e+00 1.084710814711207005e+00
1.036457440524031171e+01 6.435547982932668942e-01
1.408915045649941433e+01 3.737792844526721669e-01
1.915217671509157427e+01 2.062955362799793468e-01
2.603463381689461897e+01 1.129598243476954700e-01
