3.539034586317787445e-01 1.232363882208591122e+01
4.810809282451223856e-01 1.057608565752038565e+01
6.539604343397805719e-01 8.617998395139752077e+00
8.889652958014770956e-01 7.387906502908717421e+00
1.208420656116956815e+00 5.634064197189853296e+00
1.642674341762206502e+00 4.082281076979444201e+00
2.232979864606631004e+00 2.876543695456736938e+00
3.035415449656088338e+00 1.947448661994596320e+00
4.126211390461417494e+00 1.296440902887516566e+00
5.608991823739494009e+00 8.505278867271064414e-01
7.624618881985678165e+00 5.405984507287298069e-01
1.036457440524031171e+01 3.312767111795756891e-01
1.408915045649941433e+01 1.949420032500018551e-01
1.915217671509157427e+01 1.081377792863451315e-01
2.603463381689461897e+01 5.700252240335731274e-02
