3.539034586317787445e-01 5.556940356811103499e+01
4.810809282451223856e-01 4.224815118721032547e+01
6.539604343397805719e-01 2.623545735790654732e+01
8.889652958014770956e-01 1.930523975414492810e+01
1.208420656116956815e+00 1.430906042490218510e+01
1.642674341762206502e+00 1.136116749607809950e+01
2.232979864606631004e+00 8.561604558365480955e+00
3.035415449656088338e+00 6.152087036646789464e+00
4.126211390461417494e+00 4.110780170550819790e+00
5.608991823739494009e+00 2.607259338028767193e+00
7.624618881985678165e+00 1.559494782088462816e+00
1.036457440524031171e+01 9.055393105048004099e-01
1.408915045649941433e+01 5.203015868835685342e-01
1.915217671509157427e+01 2.833828683138236992e-01
2.603463381689461897e+01 1.468222719280127542e-01
