6.539604343397805719e-01 6.103741270116386630e+01 3.163118973857592309e+01
8.889652958014770956e-01 4.011956061749476987e+01 1.287911225077352562e+01
1.208420656116956815e+00 1.665715777147045529e+01 4.484090496575822371e+00
1.642674341762206502e+00 2.185860939081184995e+01 4.038447162342948538e+00
2.232979864606631004e+00 8.852537759879535173e+00 1.366644337780683616e+00
3.035415449656088338e+00 9.177843063878636798e+00 1.010191360288068552e+00
4.126211390461417494e+00 6.091940466722479464e+00 5.126919617570067089e-01
5.608991823739494009e+00 3.816515202652891681e+00 3.878559542342561728e-01
7.624618881985678165e+00 2.331176731040110361e+00 2.024427135895095764e-01
1.036457440524031171e+01 1.395390229170164087e+00 1.287928786626273969e-01
1.408915045649941433e+01 7.656209949377368318e-01 7.070280001578060913e-02
1.915217671509157427e+01 4.257644039543086456e-01 5.444991158272090986e-02
2.603463381689461897e+01 2.653202757767146869e-01 4.341390498050865659e-02
