3.539034586317787445e-01 1.128991848610206716e+01
4.810809282451223856e-01 9.960134246600263808e+00
6.539604343397805719e-01 8.167694536861477062e+00
8.889652958014770956e-01 6.948309982717965738e+00
1.208420656116956815e+00 6.030924372231774910e+00
1.642674341762206502e+00 5.087151864784044797e+00
2.232979864606631004e+00 4.115269728583622388e+00
3.035415449656088338e+00 3.135446306590756294e+00
4.126211390461417494e+00 2.230173829771676886e+00
5.608991823739494009e+00 1.471438877053864669e+00
7.624618881985678165e+00 9.191894865402364667e-01
1.036457440524031171e+01 5.553082728070840579e-01
1.408915045649941433e+01 3.229008852796249052e-01
1.915217671509157427e+01 1.807213847906780635e-01
2.603463381689461897e+01 9.630403282519159336e-02
