8.889652958014770956e-01 2.142493995007375318e+01 9.820110884497829318e+00
1.208420656116956815e+00 6.860451528833071855e+00 3.888146659041732178e+00
1.642674341762206502e+00 1.561049658735845647e+01 7.629810615742507629e+00
2.232979864606631004e+00 2.497594216498147723e+00 1.005568614112633652e+00
3.035415449656088338e+00 3.722382860450007769e+00 9.384682407206669241e-01
4.126211390461417494e+00 3.938063142936048866e+00 6.960600749547046773e-01
5.608991823739494009e+00 1.258040170386147683e+00 2.809546666358672673e-01
7.624618881985678165e+00 1.396014346094198499e+00 2.327599653611360508e-01
1.036457440524031171e+01 9.033052067676564656e-01 1.476021290393116359e-01
1.408915045649941433e+01 4.348567370419390010e-01 7.700001421511667998e-02
1.915217671509157427e+01 2.826505160997933030e-01 5.973693279273587647e-02
2.603463381689461897e+01 9.145741395225685799e-02 4.355912909041238790e-02
