3.539034586317787445e-01 2.796268754589068806e+01 1.654078277112388307e+01
4.810809282451223856e-01 2.975611168235253601e+01 1.116548262162422844e+01
6.539604343397805719e-01 1.145175419629048008e+01 4.254971096860619362e+00
8.889652958014770956e-01 8.341749344391990562e+00 2.231501313691399702e+00
1.208420656116956815e+00 7.797413580029155966e+00 1.907355926120084755e+00
1.642674341762206502e+00 2.703302937326267141e+00 6.826852936277925110e-01
2.232979864606631004e+00 2.118284304757507730e+00 4.146243397897265148e-01
3.035415449656088338e+00 1.225916815023327500e+00 2.011394052526180865e-01
4.126211390461417494e+00 3.007326704048590482e+00 1.930994671492061387e+00
5.608991823739494009e+00 6.027951786279379665e-01 9.444580626126733436e-02
7.624618881985678165e+00 4.289702107854552193e-01 7.548258692504643264e-02
1.036457440524031171e+01 1.947090398390335098e-01 3.637085294683856107e-02
1.408915045649941433e+01 1.914261957264254410e-01 2.613152711698493724e-02
1.915217671509157427e+01 9.565187306462409611e-02 1.760754474268030889e-02
2.603463381689461897e+01 5.517148371263317502e-02 1.965778593429172438e-02
