3.539034586317787445e-01 1.235903811109446870e+01
4.810809282451223856e-01 9.774622380972809665e+00
6.539604343397805719e-01 8.521957200148957412e+00
8.889652958014770956e-01 6.846938563229691965e+00
1.208420656116956815e+00 6.436136298640366071e+00
1.642674341762206502e+00 5.516469801998587386e+00
2.232979864606631004e+00 4.416416445157096859e+00
3.035415449656088338e+00 3.333467169845963696e+00
4.126211390461417494e+00 2.325221505099068331e+00
5.608991823739494009e+00 1.533550908618093178e+00
7.624618881985678165e+00 9.551142541248843765e-01
1.036457440524031171e+01 5.730806491717543860e-01
1.408915045649941433e+01 3.364635173366049004e-01
1.915217671509157427e+01 1.869532804629013001e-01
2.603463381689461897e+01 9.890403761129946958e-02
