3.539034586317787445e-01 1.134174231506055719e+01
4.810809282451223856e-01 7.927799089722567416e+00
6.539604343397805719e-01 7.136887855923118806e+00
8.889652958014770956e-01 5.996818137806235960e+00
1.208420656116956815e+00 5.646954610438413624e+00
1.642674341762206502e+00 5.035372776432259556e+00
2.232979864606631004e+00 4.452607396990972077e+00
3.035415449656088338e+00 3.402325072761595237e+00
4.126211390461417494e+00 2.523873611844159370e+00
5.608991823739494009e+00 1.636525072606364262e+00
7.624618881985678165e+00 1.029792930889195546e+00
1.036457440524031171e+01 6.287015031029514756e-01
1.408915045649941433e+01 3.623887128937967606e-01
1.915217671509157427e+01 2.032367192718068927e-01
2.603463381689461897e+01 1.068678462870464030e-01
