8.889652958014770956e-01 5.471456439491113599e+00 4.559918347843052722e+00
1.208420656116956815e+00 1.026158393998447771e+01 3.788803705718785331e+00
1.642674341762206502e+00 7.301404932865466435e+00 2.206615965356200526e+00
2.232979864606631004e+00 3.054448870730277044e+00 1.028423358250831976e+00
3.035415449656088338e+00 3.807488697650171616e+00 8.394551823727480766e-01
4.126211390461417494e+00 3.019570624958110017e+00 5.383584318011870318e-01
5.608991823739494009e+00 1.147070557986421102e+00 2.316904902647735631e-01
7.624618881985678165e+00 1.003714517727404276e+00 1.447502150369966434e-01
1.036457440524031171e+01 8.130326149461724050e-01 9.692447500786881276e-02
1.408915045649941433e+01 2.971836014914970847e-01 5.676074677590234319e-02
1.915217671509157427e+01 1.831504835153524302e-01 4.177957486446554070e-02
2.603463381689461897e+01 1.041999925373186114e-01 2.926987427876519623e-02
