3.539034586317787445e-01 1.214332608727839258e+01
4.810809282451223856e-01 9.796614232710032510e+00
6.539604343397805719e-01 7.925877017416027570e+00
8.889652958014770956e-01 6.936534529990494136e+00
1.208420656116956815e+00 5.832108296112017420e+00
1.642674341762206502e+00 4.660259291971659223e+00
2.232979864606631004e+00 3.639486051394980048e+00
3.035415449656088338e+00 2.659480934792322948e+00
4.126211390461417494e+00 1.845907625729714896e+00
5.608991823739494009e+00 1.217002098251092512e+00
7.624618881985678165e+00 7.716502481476535946e-01
1.036457440524031171e+01 4.707232743699808486e-01
1.408915045649941433e+01 2.750969167296312690e-01
1.915217671509157427e+01 1.529506235696255767e-01
2.603463381689461897e+01 8.046093214831163964e-02
