3.539034586317787445e-01 1.289462495415135912e+01 1.390894659592219007e+01
4.810809282451223856e-01 4.947150434726715673e+00 5.953963376523909723e+00
6.539604343397805719e-01 6.163501381533260215e+00 4.141766044495647670e+00
8.889652958014770956e-01 7.936695803495545931e+00 3.205573300662396541e+00
1.208420656116956815e+00 7.002445433838527578e+00 1.889851102552053241e+00
1.642674341762206502e+00 4.669452699195534962e+00 1.149503030657280656e+00
2.232979864606631004e+00 6.291713242399035622e+00 1.135533603910222178e+00
3.035415449656088338e+00 3.625516882259635310e+00 4.523806113529595385e-01
4.126211390461417494e+00 2.930575880965625046e+00 2.566926101301117980e-01
5.608991823739494009e+00 1.852884097108590478e+00 1.457443368605919887e-01
7.624618881985678165e+00 1.169883210330563639e+00 1.193039225269679898e-01
1.036457440524031171e+01 7.638425968576868508e-01 7.578834827648844863e-02
1.408915045649941433e+01 4.649214709117486244e-01 5.007384559501230903e-02
1.915217671509157427e+01 2.387128090527280422e-01 3.582231460100167991e-02
2.603463381689461897e+01 1.183060003185342490e-01 2.645232247995413580e-02
