4.810809282451223856e-01 3.981655669924326446e+01 1.519854677603558279e+01
6.539604343397805719e-01 5.234969651988523154e+00 4.546469104728939392e+00
8.889652958014770956e-01 5.677497121311945172e+00 3.528024477529414948e+00
1.208420656116956815e+00 7.649215532752771551e+00 2.456933216101781170e+00
1.642674341762206502e+00 5.912690951712182397e+00 1.449098016013420587e+00
2.232979864606631004e+00 4.668264855347389108e+00 7.114718858559870851e-01
3.035415449656088338e+00 2.527741694938541617e+00 4.460330987695272920e-01
4.126211390461417494e+00 1.981603204678062058e+00 2.094738419941511720e-01
5.608991823739494009e+00 1.742813044197497163e+00 1.725407809672585002e-01
7.624618881985678165e+00 9.879364926266680502e-01 7.883824404487167758e-02
1.036457440524031171e+01 6.314885942988588408e-01 8.140833485831584782e-02
1.408915045649941433e+01 4.180300118000874199e-01 4.050275911082204527e-02
1.915217671509157427e+01 2.069732137943784966e-01 3.013018464042426306e-02
2.603463381689461897e+01 1.139218248772633085e-01 1.971161656861454906e-02
