3.539034586317787445e-01 -2.839808221411406208e-01
4.810809282451223856e-01 4.400761319995986298e+00
6.539604343397805719e-01 2.147722684217099776e+00
8.889652958014770956e-01 2.256040772920324233e+00
1.208420656116956815e+00 9.474107463459224832e-01
1.642674341762206502e+00 1.223858475999793027e+00
2.232979864606631004e+00 1.215435628100297150e+00
3.035415449656088338e+00 7.810908786484064281e-01
4.126211390461417494e+00 2.105752981450227657e-01
5.608991823739494009e+00 -1.527498004556756828e-01
7.624618881985678165e+00 -2.414512834951866027e-01
1.036457440524031171e+01 -2.997131825895348323e-01
1.408915045649941433e+01 -2.164813155334751327e-01
1.915217671509157427e+01 -1.507266724088370258e-01
2.603463381689461897e+01 -8.652219082768342062e-02
