3.539034586317787445e-01 2.045182805062711040e+01 3.405009494607872256e+01
4.810809282451223856e-01 1.924794545834686588e+01 1.815590026608178675e+01
6.539604343397805719e-01 -2.214836956038974680e+00 6.275482478803696473e+00
8.889652958014770956e-01 1.129827355544358536e+00 3.653899025631927699e+00
1.208420656116956815e+00 6.138477563459471043e+00 2.913103360377267581e+00
1.642674341762206502e+00 1.396041434360621558e+00 1.222061204032938830e+00
2.232979864606631004e+00 1.318085414989669690e+00 1.125011476182524062e+00
3.035415449656088338e+00 4.376032452052674993e-02 5.123465764761241381e-01
4.126211390461417494e+00 1.304581566191412856e-01 4.538830741521859280e-01
5.608991823739494009e+00 -1.338310989064193067e-02 1.798453229223878624e-01
7.624618881985678165e+00 -1.568270311623327085e-01 1.251074485612594933e-01
1.036457440524031171e+01 -9.189459273835348663e-02 9.530164650558377304e-02
1.408915045649941433e+01 -1.887049260171200782e-01 5.427123585863507377e-02
1.915217671509157427e+01 -1.378071762818399715e-01 3.390167389890398619e-02
2.603463381689461897e+01 -8.303220775374985096e-02 2.437366607770568086e-02
