3.539034586317787445e-01 7.919145830914497708e+01 7.923939725637282550e+01
4.810809282451223856e-01 -2.810459977665632181e+01 1.995456362813796503e+01
6.539604343397805719e-01 6.549668715255773321e+00 2.422725122008573351e+01
8.889652958014770956e-01 8.102306739472945551e+00 1.726763868639773492e+01
1.208420656116956815e+00 8.175074791691747222e+00 5.017234654762549262e+00
1.642674341762206502e+00 1.303504730801440026e+01 6.243341379252872692e+00
2.232979864606631004e+00 -6.407625001707607515e-01 1.450756902035029272e+00
3.035415449656088338e+00 -6.089212840562042706e-01 1.237166710710899675e+00
4.126211390461417494e+00 4.180966546281426610e-01 4.770580017900916681e-01
5.608991823739494009e+00 -1.085478793575440914e-02 2.287240647425287099e-01
7.624618881985678165e+00 -2.945181165715273774e-01 1.873935263643170535e-01
1.036457440524031171e+01 -4.023809503802364129e-02 1.313732192023238377e-01
1.408915045649941433e+01 -1.030340240156352449e-01 8.380060270812289547e-02
1.915217671509157427e+01 -1.370731652981266591e-01 6.784587570647802879e-02
2.603463381689461897e+01 -2.348259892278718036e-02 5.148139743137609275e-02
