8.889652958014770956e-01 3.518592310884383068e+01 2.816839538654674513e+01
1.208420656116956815e+00 3.800720368542414573e-01 1.035165285002837798e+01
1.642674341762206502e+00 2.129112955428823728e+00 7.675320370101142764e+00
2.232979864606631004e+00 -1.190351527085570904e+00 2.156026244876396714e+00
3.035415449656088338e+00 -5.354658845575706039e-01 1.745732566356428483e+00
4.126211390461417494e+00 -2.934898756362660954e+00 9.614177755148760607e-01
5.608991823739494009e+00 -5.187186734327745574e-01 6.241320723107263158e-01
7.624618881985678165e+00 -3.794011470096571026e-01 3.775954250584731553e-01
1.036457440524031171e+01 -2.539036949689127964e-01 4.224467720389779579e-01
1.408915045649941433e+01 -2.496801817887767116e-01 1.508600568198370795e-01
1.915217671509157427e+01 -7.258977117588108485e-02 1.059496296221959927e-01
2.603463381689461897e+01 -4.480282796219034469e-02 7.114498677004964244e-02
