3.539034586317787445e-01 -1.927752880645933642e+00 9.544335442267534830e+00
4.810809282451223856e-01 7.853794979722327874e+00 7.110188126224102234e+00
6.539604343397805719e-01 1.787583679365404521e+01 1.345587275988196829e+01
8.889652958014770956e-01 3.054475203981255049e+00 3.343625663350490829e+00
1.208420656116956815e+00 5.856539324116714074e-01 1.627906256589730871e+00
1.642674341762206502e+00 1.145309350538300519e+00 1.082288113951084929e+00
2.232979864606631004e+00 -2.145036565806583695e-02 7.052406999949699662e-01
3.035415449656088338e+00 4.425708015074278912e-01 3.632757825806984808e-01
4.126211390461417494e+00 -1.226444555145477259e-03 2.274766973672962544e-01
5.608991823739494009e+00 -3.274527997451383565e-01 1.257850129661183536e-01
7.624618881985678165e+00 -1.758776890529345494e-01 8.181168168702772359e-02
1.036457440524031171e+01 -1.300562963752102952e-01 8.056910917106081815e-02
1.408915045649941433e+01 -1.453995447508003025e-01 2.807600995578468650e-02
1.915217671509157427e+01 -1.285428125966581181e-01 2.334154187228002636e-02
2.603463381689461897e+01 -7.381954226209296033e-02 1.976942030265906383e-02
