4.810809282451223856e-01 -2.637539964619001420e+00 1.086874773072942624e+01
6.539604343397805719e-01 9.719819222695136318e-02 4.833676328829745295e+00
8.889652958014770956e-01 -4.261302457846168346e-01 3.410954149857764683e+00
1.208420656116956815e+00 2.618057486382190380e+00 2.651324295847453882e+00
1.642674341762206502e+00 2.388249123524482265e+00 1.880834296368854019e+00
2.232979864606631004e+00 8.232563490827206065e-01 1.032476699858037250e+00
3.035415449656088338e+00 -1.271089544922271442e-01 6.644051060933714448e-01
4.126211390461417494e+00 -1.009464864263975442e-01 3.927370767689264408e-01
5.608991823739494009e+00 -2.254512578750003660e-01 2.193355578347930546e-01
7.624618881985678165e+00 -4.251066467802979143e-01 1.347940419035162929e-01
1.036457440524031171e+01 -1.656693082841226017e-01 8.413734266364515657e-02
1.408915045649941433e+01 -2.077492182943191101e-01 5.818980120535159617e-02
1.915217671509157427e+01 -1.483783724825908368e-01 3.756505820237088233e-02
2.603463381689461897e+01 -7.110713408249871859e-02 2.741070890902982601e-02
