3.539034586317787445e-01 7.178795729723705676e+01
4.810809282451223856e-01 6.840969000017457802e+01
6.539604343397805719e-01 4.222602071255444400e+01
8.889652958014770956e-01 2.752760412574486892e+01
1.208420656116956815e+00 1.511648532277953905e+01
1.642674341762206502e+00 9.291048873958221321e+00
2.232979864606631004e+00 5.561126980916293761e+00
3.035415449656088338e+00 3.551999393916690728e+00
4.126211390461417494e+00 1.696207943772534588e+00
5.608991823739494009e+00 5.008565362442197744e-01
7.624618881985678165e+00 -9.187432802858551406e-02
1.036457440524031171e+01 -2.368780761020703451e-01
1.408915045649941433e+01 -2.213348969229783081e-01
1.915217671509157427e+01 -1.471931139702530866e-01
2.603463381689461897e+01 -9.393623944935731995e-02
