3.539034586317787445e-01 2.585989281281110053e+01 2.544464179160809891e+01
4.810809282451223856e-01 2.398312686172025110e+01 8.353311774997807859e+00
6.539604343397805719e-01 1.666484728961114214e+01 4.933621295885089353e+00
8.889652958014770956e-01 8.948345213074347271e+00 2.034360347499466481e+00
1.208420656116956815e+00 4.948008595298845513e+00 1.229079424200941073e+00
1.642674341762206502e+00 3.894278968006172459e+00 6.607679118251039707e-01
2.232979864606631004e+00 1.635501700739759937e-02 3.633226146227735986e-01
3.035415449656088338e+00 4.347224150949115934e-02 3.435858413282343871e-01
4.126211390461417494e+00 -3.364387862331713608e-01 1.048212537332003924e-01
5.608991823739494009e+00 -2.028116263925537344e-01 7.660950736588616194e-02
7.624618881985678165e+00 -1.775622683497637411e-01 4.486923550587516157e-02
1.036457440524031171e+01 -1.789742818410263447e-01 2.820118330421692368e-02
1.408915045649941433e+01 -1.553845959524744469e-01 2.240775937631993286e-02
1.915217671509157427e+01 -7.196516098173159903e-02 1.618923183507035846e-02
2.603463381689461897e+01 -5.675438690044894152e-02 1.340694082745912119e-02
