3.539034586317787445e-01 -2.153004093119726736e+00 9.590878775318934402e+00
4.810809282451223856e-01 6.378212816431839904e+00 1.141013159427287249e+01
6.539604343397805719e-01 4.697919978319346157e+00 4.866297712707990719e+00
8.889652958014770956e-01 6.040172680337798639e+00 5.083361555326318282e+00
1.208420656116956815e+00 5.329007391167139146e-02 1.645454105631318553e+00
1.642674341762206502e+00 1.053643805673032174e+00 1.197571335339373544e+00
2.232979864606631004e+00 1.469420420360190827e+00 6.756242139474565311e-01
3.035415449656088338e+00 6.551825027448837657e-01 3.780985622473415630e-01
4.126211390461417494e+00 1.719406081144748688e-01 2.506743290855943385e-01
5.608991823739494009e+00 -7.638548275575513143e-03 1.619841449748097295e-01
7.624618881985678165e+00 -3.080657724654842777e-01 7.393223614726544823e-02
1.036457440524031171e+01 -2.115880628857942647e-01 5.349337499847221095e-02
1.408915045649941433e+01 -1.799282229667830413e-01 4.366795546681995904e-02
1.915217671509157427e+01 -1.121511660121558701e-01 2.503650802339198178e-02
2.603463381689461897e+01 -6.386497991068718072e-02 1.988540319985839661e-02
