3.539034586317787445e-01 1.605415331785632915e+01
4.810809282451223856e-01 1.033402559232215090e+01
6.539604343397805719e-01 7.451016779618993446e+00
8.889652958014770956e-01 4.586196677843135561e+00
1.208420656116956815e+00 2.764867267562679753e+00
1.642674341762206502e+00 1.800198582272672265e+00
2.232979864606631004e+00 1.189911418728835102e+00
3.035415449656088338e+00 6.135422390027372996e-01
4.126211390461417494e+00 1.179213083918838334e-01
5.608991823739494009e+00 -1.370857982373334116e-01
7.624618881985678165e+00 -2.355190163690428218e-01
1.036457440524031171e+01 -2.232379491605720467e-01
1.408915045649941433e+01 -1.704287338884803438e-01
1.915217671509157427e+01 -1.128787191962321301e-01
2.603463381689461897e+01 -7.241615761171235621e-02
