3.539034586317787445e-01 6.384478673777615576e+00
4.810809282451223856e-01 3.317666191447671942e+00
6.539604343397805719e-01 3.081850709291747314e+00
8.889652958014770956e-01 2.396394794480044332e+00
1.208420656116956815e+00 1.710833174180494298e+00
1.642674341762206502e+00 1.061365326405156129e+00
2.232979864606631004e+00 4.131417768538225843e-01
3.035415449656088338e+00 5.425742810817707484e-02
4.126211390461417494e+00 -1.160658946336737551e-01
5.608991823739494009e+00 -1.665731800358066783e-01
7.624618881985678165e+00 -1.790182495971540111e-01
1.036457440524031171e+01 -1.518495540575241221e-01
1.408915045649941433e+01 -1.134696616738490177e-01
1.915217671509157427e+01 -7.663479375730848642e-02
2.603463381689461897e+01 -5.055130061032612337e-02
