3.539034586317787445e-01 1.191738881806304917e+01
4.810809282451223856e-01 8.523687544000917882e+00
6.539604343397805719e-01 5.955767579891952934e+00
8.889652958014770956e-01 3.955305304648815135e+00
1.208420656116956815e+00 2.320981449746866598e+00
1.642674341762206502e+00 1.759622352080095542e+00
2.232979864606631004e+00 1.004912169010139689e+00
3.035415449656088338e+00 5.846595046109975824e-01
4.126211390461417494e+00 1.255426538315171092e-01
5.608991823739494009e+00 -1.318541640641212320e-01
7.624618881985678165e+00 -2.277972501947618800e-01
1.036457440524031171e+01 -2.217183174324744432e-01
1.408915045649941433e+01 -1.694708104818862249e-01
1.915217671509157427e+01 -1.154458784034319702e-01
2.603463381689461897e+01 -7.440045473731703163e-02
