3.539034586317787445e-01 1.372548571487689273e+01
4.810809282451223856e-01 1.470283173874855365e+01
6.539604343397805719e-01 8.075375508107358158e+00
8.889652958014770956e-01 5.125290405499738355e+00
1.208420656116956815e+00 2.729165913604052918e+00
1.642674341762206502e+00 1.222913524915715477e+00
2.232979864606631004e+00 1.064518164891031793e+00
3.035415449656088338e+00 6.417556581503873758e-01
4.126211390461417494e+00 1.949504913958060581e-01
5.608991823739494009e+00 -1.605869377231007866e-01
7.624618881985678165e+00 -2.874193218486310597e-01
1.036457440524031171e+01 -2.754908351084729978e-01
1.408915045649941433e+01 -2.111272174750610520e-01
1.915217671509157427e+01 -1.343767202531158667e-01
2.603463381689461897e+01 -8.274331408114291020e-02
