4.810809282451223856e-01 1.263099707559188545e+01 3.180559575678724471e+01
6.539604343397805719e-01 -8.035303955609535365e+00 9.925602978311827584e+00
8.889652958014770956e-01 8.992882947038015828e+00 1.005939273611807394e+01
1.208420656116956815e+00 -3.572200505258900094e+00 2.699654015699471721e+00
1.642674341762206502e+00 2.899434010171037190e+00 2.437023713993821339e+00
2.232979864606631004e+00 -3.143214057041003318e-01 1.603728564096428721e+00
3.035415449656088338e+00 5.012445132801017778e-01 8.434859150682578743e-01
4.126211390461417494e+00 4.211150240407247614e-01 5.740376650657116331e-01
5.608991823739494009e+00 -1.067166647536881147e-01 2.821704681863845265e-01
7.624618881985678165e+00 -2.882650186483515786e-01 1.662933079788360413e-01
1.036457440524031171e+01 -2.170815426337922502e-02 1.131022782757780260e-01
1.408915045649941433e+01 -3.023134717735423971e-01 8.543666949398857902e-02
1.915217671509157427e+01 -1.850593132205342051e-01 5.650457507300541554e-02
2.603463381689461897e+01 -9.882269224416216635e-02 3.602962317559583322e-02
