3.539034586317787445e-01 5.740003422819876633e+00
4.810809282451223856e-01 4.718767307986610149e+00
6.539604343397805719e-01 5.760315070922541025e+00
8.889652958014770956e-01 2.588362985600570099e+00
1.208420656116956815e+00 2.547105088259945749e+00
1.642674341762206502e+00 1.429867072459177768e+00
2.232979864606631004e+00 8.640104910481347655e-01
3.035415449656088338e+00 9.127840558668618431e-01
4.126211390461417494e+00 6.449410820087744800e-02
5.608991823739494009e+00 -6.003805166449360797e-02
7.624618881985678165e+00 -2.927042375272604913e-01
1.036457440524031171e+01 -3.000357451568091416e-01
1.408915045649941433e+01 -2.369199825750210597e-01
1.915217671509157427e+01 -1.475409843664555742e-01
2.603463381689461897e+01 -8.827122516393007268e-02
