3.539034586317787445e-01 1.579422165135688161e+01 1.402466899974680281e+01
4.810809282451223856e-01 9.839186530563715394e+00 8.609408284746246309e+00
6.539604343397805719e-01 6.691769202219379764e+00 3.403767882826529423e+00
8.889652958014770956e-01 9.149879173682277766e+00 3.192593105461253078e+00
1.208420656116956815e+00 -1.525670169661115516e-01 6.864412926606511256e+00
1.642674341762206502e+00 2.473967542540179476e+00 1.310868555466226271e+00
2.232979864606631004e+00 1.722068103367995207e+00 6.880050328381854818e-01
3.035415449656088338e+00 9.516589812033554585e-01 8.843816546607461415e-01
4.126211390461417494e+00 -1.577959236027094356e-02 3.958547423006150145e-01
5.608991823739494009e+00 1.878402732610652270e-01 1.492054328682543562e-01
7.624618881985678165e+00 -4.162048160740051128e-01 2.659517216037837750e-01
1.036457440524031171e+01 -2.413325835304990785e-01 4.807380793871665614e-02
1.408915045649941433e+01 -2.092802398039413370e-01 3.618515918671668524e-02
1.915217671509157427e+01 -1.371191026187681405e-01 2.981837679875600639e-02
2.603463381689461897e+01 -6.755982405418763104e-02 1.969050608704885075e-02
