3.539034586317787445e-01 3.816201306134198834e+00
4.810809282451223856e-01 7.011884028355710896e+00
6.539604343397805719e-01 4.798582155008654482e+00
8.889652958014770956e-01 2.753059564249527025e+00
1.208420656116956815e+00 1.931657443976633193e+00
1.642674341762206502e+00 1.160558369745929186e+00
2.232979864606631004e+00 1.134293691372684210e+00
3.035415449656088338e+00 7.071379674112493463e-01
4.126211390461417494e+00 1.877573402878034980e-01
5.608991823739494009e+00 -8.893146763853329584e-02
7.624618881985678165e+00 -2.653298110459655912e-01
1.036457440524031171e+01 -2.577966027908258351e-01
1.408915045649941433e+01 -1.930169611206580815e-01
1.915217671509157427e+01 -1.318362121585427427e-01
2.603463381689461897e+01 -8.149625065083380970e-02
