3.539034586317787445e-01 7.545590304339732768e+00
4.810809282451223856e-01 5.196122379679239067e+00
6.539604343397805719e-01 3.304429064212376144e+00
8.889652958014770956e-01 2.713522287019493273e+00
1.208420656116956815e+00 1.832112452734374175e+00
1.642674341762206502e+00 1.191384270630722497e+00
2.232979864606631004e+00 5.058651714040253156e-01
3.035415449656088338e+00 9.588351704257033759e-02
4.126211390461417494e+00 -1.216722104656033643e-01
5.608991823739494009e+00 -1.911799423213620952e-01
7.624618881985678165e+00 -1.895757485116518759e-01
1.036457440524031171e+01 -1.627434289029029701e-01
1.408915045649941433e+01 -1.229495719169737961e-01
1.915217671509157427e+01 -8.298390157741630802e-02
2.603463381689461897e+01 -5.184425205424595534e-02
