3.539034586317787445e-01 2.094886653980570657e+01
4.810809282451223856e-01 1.509107276970767053e+01
6.539604343397805719e-01 9.296217267232549375e+00
8.889652958014770956e-01 5.133431074509672065e+00
1.208420656116956815e+00 2.884845529734907821e+00
1.642674341762206502e+00 1.653005576245826003e+00
2.232979864606631004e+00 1.182414427209549590e+00
3.035415449656088338e+00 7.166289046729918955e-01
4.126211390461417494e+00 2.017174307729477367e-01
5.608991823739494009e+00 -1.402270158065182237e-01
7.624618881985678165e+00 -2.510890178829835451e-01
1.036457440524031171e+01 -2.397702071152942316e-01
1.408915045649941433e+01 -1.837294579207565948e-01
1.915217671509157427e+01 -1.172997817554765482e-01
2.603463381689461897e+01 -7.215964412184097676e-02
