3.539034586317787445e-01 4.368866418935756002e+01 1.560122920704731442e+01
4.810809282451223856e-01 3.129218939238730002e+01 1.291063345045403565e+01
6.539604343397805719e-01 1.576580167888239359e+01 4.684277377454606928e+00
8.889652958014770956e-01 6.564708802858651993e+00 1.798816509042961753e+00
1.208420656116956815e+00 4.981627346740182816e+00 8.280288191017596278e-01
1.642674341762206502e+00 5.639435946704536740e+00 2.506819226117279253e+00
2.232979864606631004e+00 9.586447239151467681e-01 2.896879528345276955e-01
3.035415449656088338e+00 2.889478911591155108e-01 2.120279650332183297e-01
4.126211390461417494e+00 4.059133573188750121e-02 1.373753719028130427e-01
5.608991823739494009e+00 -5.067284825902355905e-02 1.025822698301717267e-01
7.624618881985678165e+00 -1.566930490418297905e-01 4.887835849881228684e-02
1.036457440524031171e+01 -1.223655077276720599e-01 3.019726187170126280e-02
1.408915045649941433e+01 -1.014942243920102655e-01 2.853445795513879363e-02
1.915217671509157427e+01 -1.020808984063148878e-01 1.575348124543646255e-02
2.603463381689461897e+01 -5.700331732171713683e-02 1.076061030561268651e-02
