3.539034586317787445e-01 1.357409596687436704e+01
4.810809282451223856e-01 8.392790779802618673e+00
6.539604343397805719e-01 7.178106796051859639e+00
8.889652958014770956e-01 2.657119909950920622e+00
1.208420656116956815e+00 1.932204929763134960e+00
1.642674341762206502e+00 6.271182966932945524e-01
2.232979864606631004e+00 1.112791283237619222e+00
3.035415449656088338e+00 6.881275124954066014e-01
4.126211390461417494e+00 1.654503250983469509e-01
5.608991823739494009e+00 -7.365808707908723385e-02
7.624618881985678165e+00 -3.196679636527607338e-01
1.036457440524031171e+01 -3.380140297760768631e-01
1.408915045649941433e+01 -2.454811954179181299e-01
1.915217671509157427e+01 -1.459462690736186286e-01
2.603463381689461897e+01 -8.674507454225668934e-02
