8.889652958014770956e-01 -9.741454861129026810e+00 7.281309246345914588e+00
1.208420656116956815e+00 1.420358637399032276e+01 1.033088020649522498e+01
1.642674341762206502e+00 -7.979963924577736734e+00 5.307694652481426800e+00
2.232979864606631004e+00 3.084170110089692773e+00 2.578948745996527681e+00
3.035415449656088338e+00 -1.701997344643385868e-01 1.358253944390970469e+00
4.126211390461417494e+00 -6.325959643163487911e-01 1.304664637306648833e+00
5.608991823739494009e+00 -5.263879715797464831e-01 4.171644638511080583e-01
7.624618881985678165e+00 -1.093933395661204899e-01 2.889679768213148092e-01
1.036457440524031171e+01 -1.798216450596565874e-01 2.074794059676570990e-01
1.408915045649941433e+01 -2.652541346316872328e-01 1.243817419228933352e-01
1.915217671509157427e+01 -1.889575807856010425e-01 6.865131364163933048e-02
2.603463381689461897e+01 -1.388401447414870649e-01 5.313590102384697922e-02
