3.539034586317787445e-01 7.504796474699742426e+00
4.810809282451223856e-01 1.002281846381281483e+01
6.539604343397805719e-01 4.469460133128872137e+00
8.889652958014770956e-01 2.959637013287470531e+00
1.208420656116956815e+00 2.134576499025681695e+00
1.642674341762206502e+00 1.181499990748612117e+00
2.232979864606631004e+00 1.118985029949683518e+00
3.035415449656088338e+00 7.501000671137896259e-01
4.126211390461417494e+00 1.539567016147485312e-01
5.608991823739494009e+00 -1.233430909642344864e-01
7.624618881985678165e+00 -2.608721903390676111e-01
1.036457440524031171e+01 -2.534907175631142540e-01
1.408915045649941433e+01 -1.914169361845087514e-01
1.915217671509157427e+01 -1.272055298624852337e-01
2.603463381689461897e+01 -8.196920684388453449e-02
