3.539034586317787445e-01 1.174497198187984637e+01
4.810809282451223856e-01 5.702956285508316903e+00
6.539604343397805719e-01 1.923735388380451550e+00
8.889652958014770956e-01 4.009271999626941252e+00
1.208420656116956815e+00 1.586700914564324494e+00
1.642674341762206502e+00 4.029004766974552121e-01
2.232979864606631004e+00 8.347884032889254513e-01
3.035415449656088338e+00 5.734917991990908792e-01
4.126211390461417494e+00 1.825115988202606065e-01
5.608991823739494009e+00 -8.558559834029007274e-02
7.624618881985678165e+00 -2.736665207095262953e-01
1.036457440524031171e+01 -2.879966404433993432e-01
1.408915045649941433e+01 -2.223122327583209601e-01
1.915217671509157427e+01 -1.507244556578730410e-01
2.603463381689461897e+01 -9.018991088769989783e-02
