3.539034586317787445e-01 1.817949156115111293e+02
4.810809282451223856e-01 1.092877012243868933e+02
6.539604343397805719e-01 5.964455442390305961e+01
8.889652958014770956e-01 5.098665620661578401e+01
1.208420656116956815e+00 2.559554967761447841e+01
1.642674341762206502e+00 1.112315238076915946e+01
2.232979864606631004e+00 8.918976219223690549e+00
3.035415449656088338e+00 5.750242428073632617e+00
4.126211390461417494e+00 2.193862032891794822e+00
5.608991823739494009e+00 8.660462310315780732e-01
7.624618881985678165e+00 8.592257080346898945e-02
1.036457440524031171e+01 -2.715422904085894595e-01
1.408915045649941433e+01 -2.719106676709384107e-01
1.915217671509157427e+01 -1.937297106407816216e-01
2.603463381689461897e+01 -1.201264495175694558e-01
