3.539034586317787445e-01 1.617907499697803786e+01
4.810809282451223856e-01 1.297088816606562034e+01
6.539604343397805719e-01 6.763635138835491389e+00
8.889652958014770956e-01 4.410374114369007614e+00
1.208420656116956815e+00 2.747602810358780179e+00
1.642674341762206502e+00 1.788807879266433476e+00
2.232979864606631004e+00 1.219466699225319362e+00
3.035415449656088338e+00 7.023047503235340105e-01
4.126211390461417494e+00 1.182378441545685888e-01
5.608991823739494009e+00 -1.330196052787371852e-01
7.624618881985678165e+00 -2.369567726734841950e-01
1.036457440524031171e+01 -2.266485698304230856e-01
1.408915045649941433e+01 -1.765586357789847294e-01
1.915217671509157427e+01 -1.140273375887645296e-01
2.603463381689461897e+01 -7.266229043363751916e-02
