3.539034586317787445e-01 9.298280438088719180e+00 9.301608036022965820e+00
4.810809282451223856e-01 -5.829391364075589443e+00 5.842326563214085056e+00
6.539604343397805719e-01 6.707669819038362569e+00 1.025682321400554819e+01
8.889652958014770956e-01 2.407273775715599307e+00 7.955346423222452223e+00
1.208420656116956815e+00 1.447615939057045109e+00 4.265451466734730523e+00
1.642674341762206502e+00 -4.797989238873813456e+00 1.955075880919373343e+00
2.232979864606631004e+00 2.258628893122821779e+00 1.749488170146688448e+00
3.035415449656088338e+00 8.517945656515013564e-01 9.771903496840511627e-01
4.126211390461417494e+00 8.057172303258262058e-01 5.800343524581845767e-01
5.608991823739494009e+00 -6.622488139989592959e-01 3.380949784241757405e-01
7.624618881985678165e+00 -3.255671918452064384e-01 2.287123664715989546e-01
1.036457440524031171e+01 -2.318627969053879967e-01 1.142854931375972549e-01
1.408915045649941433e+01 -1.808069153995496836e-01 7.857273099165759667e-02
1.915217671509157427e+01 -1.669263404417668517e-01 5.019662708272026874e-02
2.603463381689461897e+01 -7.963247246001149693e-02 3.936272919000138870e-02
