6.539604343397805719e-01 1.119631688146667869e+01 8.417458744323803899e+01
8.889652958014770956e-01 5.270241572805633723e+01 4.215640315123840764e+01
1.208420656116956815e+00 2.230788333977412208e+01 1.523057707856643184e+01
1.642674341762206502e+00 1.764722654942558222e+01 8.867690609098858090e+00
2.232979864606631004e+00 1.098145525558744495e+01 3.925353688650477846e+00
3.035415449656088338e+00 7.902325279762607124e+00 2.983256299187631910e+00
4.126211390461417494e+00 3.820330049548390949e+00 1.246521808964598188e+00
5.608991823739494009e+00 1.620654152922919700e+00 6.799780906113417345e-01
7.624618881985678165e+00 5.824218747234666260e-01 3.652849106585520644e-01
1.036457440524031171e+01 1.711753086970232984e-02 2.429907397029733018e-01
1.408915045649941433e+01 -2.195288095168171361e-01 1.335788852305866969e-01
1.915217671509157427e+01 -6.068173872873960234e-02 8.011594511488519255e-02
2.603463381689461897e+01 -6.240385792178093638e-02 5.701764708147922384e-02
