3.539034586317787445e-01 -3.795158368954625328e+00 5.240877157438603007e+01
4.810809282451223856e-01 4.129007009146289420e+01 3.248985304508128991e+01
6.539604343397805719e-01 2.106725791569667905e+01 1.173662757490903275e+01
8.889652958014770956e-01 1.628200155879486744e+01 8.137477907603386740e+00
1.208420656116956815e+00 6.984356683096549112e+00 3.563660254431410213e+00
1.642674341762206502e+00 2.361066953846707506e+00 1.473165588793964975e+00
2.232979864606631004e+00 -9.256428210462535056e-01 7.718162857042087932e-01
3.035415449656088338e+00 3.800816379160752434e-01 5.338574067125942957e-01
4.126211390461417494e+00 -3.449934114298115251e+00 3.072497219115663647e+00
5.608991823739494009e+00 3.473652338298454517e-02 2.387402293180661828e-01
7.624618881985678165e+00 -1.848257347345791113e-01 1.140357911790054052e-01
1.036457440524031171e+01 -1.960101378362569258e-01 7.230114210064060576e-02
1.408915045649941433e+01 -5.125560236643307566e-02 9.679877772229869559e-02
1.915217671509157427e+01 -4.211692807989453335e-02 4.847472338912012235e-02
2.603463381689461897e+01 -4.700152494695476052e-02 3.594902338876330983e-02
