3.539034586317787445e-01 1.094293921343166289e+02 5.043072091061893758e+01
4.810809282451223856e-01 3.775813544020774515e+01 2.192579573154739236e+01
6.539604343397805719e-01 4.834995581798949615e+01 1.630535445236768410e+01
8.889652958014770956e-01 2.670020701928044105e+01 7.331795935429560096e+00
1.208420656116956815e+00 1.745383656840559183e+01 4.143685012738711038e+00
1.642674341762206502e+00 1.961600376513616695e+01 8.595922405262056643e+00
2.232979864606631004e+00 3.898046019161262699e+00 1.332168916560145799e+00
3.035415449656088338e+00 3.613512423152514419e+00 7.029691954747694371e-01
4.126211390461417494e+00 2.487882392058048620e+00 3.942706364431555754e-01
5.608991823739494009e+00 7.202616947553956983e-01 1.945374423381580065e-01
7.624618881985678165e+00 2.271077328040401189e-01 9.547666729674279817e-02
1.036457440524031171e+01 -1.080966334650192567e-01 6.095534566201897542e-02
1.408915045649941433e+01 -1.436298302822662243e-01 4.541861478189555823e-02
1.915217671509157427e+01 -1.139197200181383540e-01 3.554399679037367060e-02
2.603463381689461897e+01 -7.480185503641460787e-02 2.600907362781078661e-02
