3.539034586317787445e-01 1.475933379209959995e+01
4.810809282451223856e-01 9.805650407987602790e+00
6.539604343397805719e-01 5.485534671445529753e+00
8.889652958014770956e-01 3.292968698166651276e+00
1.208420656116956815e+00 2.617582011690655630e+00
1.642674341762206502e+00 1.230039134671578882e+00
2.232979864606631004e+00 1.023694652018757312e+00
3.035415449656088338e+00 6.850981504946732636e-01
4.126211390461417494e+00 1.421913258816110137e-01
5.608991823739494009e+00 -1.311683673581413301e-01
7.624618881985678165e+00 -2.619759130787439605e-01
1.036457440524031171e+01 -2.487604239448387433e-01
1.408915045649941433e+01 -2.002607303847466214e-01
1.915217671509157427e+01 -1.322624147163842800e-01
2.603463381689461897e+01 -8.013899615554631595e-02
