3.539034586317787445e-01 4.583717997709962688e+00
4.810809282451223856e-01 4.298247856721356897e+00
6.539604343397805719e-01 2.744314898141122061e+00
8.889652958014770956e-01 2.397365005507446689e+00
1.208420656116956815e+00 1.289797226319318924e+00
1.642674341762206502e+00 6.844360571202604548e-01
2.232979864606631004e+00 2.978392878014443634e-01
3.035415449656088338e+00 2.697342491288521465e-02
4.126211390461417494e+00 -1.023353367572322065e-01
5.608991823739494009e+00 -1.713704978958653091e-01
7.624618881985678165e+00 -1.728992913578154822e-01
1.036457440524031171e+01 -1.502338336611117042e-01
1.408915045649941433e+01 -1.117093851725158016e-01
1.915217671509157427e+01 -7.805555001789195313e-02
2.603463381689461897e+01 -5.128838960041513101e-02
