3.539034586317787445e-01 1.470058834964609318e+01
4.810809282451223856e-01 7.475785047279944528e+00
6.539604343397805719e-01 3.104025685852389582e+00
8.889652958014770956e-01 2.731652326187564483e+00
1.208420656116956815e+00 2.081247519416145941e+00
1.642674341762206502e+00 1.439757586407149237e+00
2.232979864606631004e+00 6.460419626099068724e-01
3.035415449656088338e+00 1.143623723107677070e-01
4.126211390461417494e+00 -1.386534151180685570e-01
5.608991823739494009e+00 -2.117662413762404494e-01
7.624618881985678165e+00 -2.195994889329494770e-01
1.036457440524031171e+01 -1.771988380830373244e-01
1.408915045649941433e+01 -1.314062167206707377e-01
1.915217671509157427e+01 -8.669817093526641094e-02
2.603463381689461897e+01 -5.426034300984526604e-02
