3.539034586317787445e-01 -2.044122022162868646e+00 5.252659188461317186e+00
4.810809282451223856e-01 -2.156025829279049066e+00 4.785558605952323852e+00
6.539604343397805719e-01 3.193159167530560172e+00 3.540688095597020801e+00
8.889652958014770956e-01 4.527907312360873959e+00 2.789051460820859418e+00
1.208420656116956815e+00 8.776573617661023174e-01 1.252891466245710905e+00
1.642674341762206502e+00 1.254386071203313469e+00 7.976129979587524010e-01
2.232979864606631004e+00 1.572609362961763901e+00 3.818503130962661585e-01
3.035415449656088338e+00 4.868852815255542699e-01 2.331754295867986271e-01
4.126211390461417494e+00 2.168707225124513471e-01 1.412056854386513904e-01
5.608991823739494009e+00 -8.452262796090534436e-02 9.963999997646201534e-02
7.624618881985678165e+00 -2.272199072851540103e-01 4.595355978255913354e-02
1.036457440524031171e+01 -1.665134777005941313e-01 3.908303867445592217e-02
1.408915045649941433e+01 -1.415872571314413242e-01 2.590840589915670289e-02
1.915217671509157427e+01 -1.150160071210231810e-01 1.780320915248019553e-02
2.603463381689461897e+01 -7.414856464083595389e-02 1.392676593390401556e-02
