3.539034586317787445e-01 2.045789085213073477e+01 1.122901658121957524e+01
4.810809282451223856e-01 -3.629713818495807764e+00 2.453992468580048492e+00
6.539604343397805719e-01 1.163934841384750785e+00 3.799880106361216647e+00
8.889652958014770956e-01 2.159641185830181609e+00 2.786416048170679449e+00
1.208420656116956815e+00 -1.461533660973931781e+00 9.855835993684812779e-01
1.642674341762206502e+00 1.037408915197476134e+00 5.511843907315885360e-01
2.232979864606631004e+00 1.125210976777359484e+00 4.669003644144419929e-01
3.035415449656088338e+00 4.230963225354010815e-01 2.132208964121146966e-01
4.126211390461417494e+00 -1.639706887790570028e-02 1.422008930600145993e-01
5.608991823739494009e+00 -2.113006832673653412e-01 8.076526695651482790e-02
7.624618881985678165e+00 -2.228601535744677842e-01 5.016807509599840315e-02
1.036457440524031171e+01 -2.570639877189276334e-01 2.909778672128752672e-02
1.408915045649941433e+01 -1.581070538938293690e-01 2.550805765225395635e-02
1.915217671509157427e+01 -1.265974115831318969e-01 1.521282741054471623e-02
2.603463381689461897e+01 -7.072558097581757575e-02 1.316494361663869857e-02
