4.810809282451223856e-01 5.050721600419121415e+01 3.866059430538265929e+01
6.539604343397805719e-01 2.188427877929977061e+00 8.275177782213974709e+00
8.889652958014770956e-01 1.049248578866427195e+01 6.519603216063878826e+00
1.208420656116956815e+00 -5.948968932053122494e+00 5.314198304313352494e+00
1.642674341762206502e+00 2.074859215790531675e+00 2.183483740611634971e+00
2.232979864606631004e+00 -1.520767953133493056e-01 1.423621143087690832e+00
3.035415449656088338e+00 -1.054544809930222163e-02 1.039826887540498568e+00
4.126211390461417494e+00 7.293280095280904596e-02 4.559895183009405883e-01
5.608991823739494009e+00 1.794778955634080131e-01 3.055096604029813867e-01
7.624618881985678165e+00 -5.679310279383546767e-02 2.603231034202624916e-01
1.036457440524031171e+01 -1.851336366535234756e-01 1.736800114407475448e-01
1.408915045649941433e+01 -2.923406450969794346e-01 1.103095916525498738e-01
1.915217671509157427e+01 -1.173628746818329155e-01 5.272588057224153468e-02
2.603463381689461897e+01 -5.973946164611839554e-02 3.334154414604692529e-02
