3.539034586317787445e-01 2.847125017025253779e+00
4.810809282451223856e-01 3.683186231792670018e+00
6.539604343397805719e-01 2.649263291134267728e+00
8.889652958014770956e-01 3.626403915794272681e+00
1.208420656116956815e+00 1.606401349916639631e+00
1.642674341762206502e+00 7.508503997376608785e-01
2.232979864606631004e+00 4.709098583953733597e-01
3.035415449656088338e+00 2.692940717653741212e-01
4.126211390461417494e+00 3.430459511471976031e-01
5.608991823739494009e+00 1.510955462442661046e-01
7.624618881985678165e+00 5.434904734494375861e-02
1.036457440524031171e+01 1.612456954387484626e-02
1.408915045649941433e+01 1.148701871239588522e-02
1.915217671509157427e+01 9.607917273722347412e-03
2.603463381689461897e+01 7.919434905339748851e-03
