3.539034586317787445e-01 -5.128525974917550023e+00 7.142840636113346520e+00
4.810809282451223856e-01 -9.990364203926063169e+00 1.355186903662326969e+01
6.539604343397805719e-01 7.225007772622064728e+00 4.798669573430457191e+00
8.889652958014770956e-01 2.631835938382918627e+00 3.607262822399363689e+00
1.208420656116956815e+00 3.073865832692929789e+00 1.684781783208309625e+00
1.642674341762206502e+00 4.180687576097746327e-01 1.145546528212995963e+00
2.232979864606631004e+00 -2.256976631798193744e-01 4.792551898004466238e-01
3.035415449656088338e+00 7.897712166454518012e-01 3.047929054027094797e-01
4.126211390461417494e+00 1.456117767480406278e-01 2.361628880541632169e-01
5.608991823739494009e+00 1.531459988822298501e-01 1.286361210826977020e-01
7.624618881985678165e+00 5.305331958834878792e-02 6.269385647202069256e-02
1.036457440524031171e+01 -5.833721714166422573e-02 4.374848501380742410e-02
1.408915045649941433e+01 3.877865206367351464e-03 3.046240306479708337e-02
1.915217671509157427e+01 -1.140513688702547018e-02 1.979187727486801315e-02
2.603463381689461897e+01 -1.083109321436750809e-02 1.481745266626283836e-02
