3.539034586317787445e-01 4.046778070813209283e+00
4.810809282451223856e-01 1.593549760699249473e+00
6.539604343397805719e-01 9.621837355232948363e-01
8.889652958014770956e-01 8.330870349322350155e-01
1.208420656116956815e+00 3.434385562002114090e-01
1.642674341762206502e+00 3.080062282102792870e-01
2.232979864606631004e+00 1.541341927271877021e-01
3.035415449656088338e+00 6.751162546682984433e-02
4.126211390461417494e+00 -5.217279324918599852e-03
5.608991823739494009e+00 5.514336096278785182e-03
7.624618881985678165e+00 -7.462667000939108902e-04
1.036457440524031171e+01 4.868817950170897801e-03
1.408915045649941433e+01 6.774686219388105154e-03
1.915217671509157427e+01 4.932262326460273502e-03
2.603463381689461897e+01 6.157107030209997903e-03
