6.539604343397805719e-01 1.673819593666350158e+02 9.877069343228983200e+01
8.889652958014770956e-01 5.072052909695910472e+01 3.786929388039776967e+01
1.208420656116956815e+00 3.362294156143273227e+01 1.740626142826676315e+01
1.642674341762206502e+00 1.936637809978679314e+01 9.756984198609600867e+00
2.232979864606631004e+00 4.371597650324202000e+00 4.493971565615672681e+00
3.035415449656088338e+00 9.526140446798683215e+00 2.986375282114883234e+00
4.126211390461417494e+00 -1.826688884458177453e+00 1.856977279392568514e+00
5.608991823739494009e+00 1.855106149733013243e+00 7.801885226176591415e-01
7.624618881985678165e+00 6.691885522556098032e-01 4.408463906856701087e-01
1.036457440524031171e+01 3.466340164988405970e-02 2.965035163482377945e-01
1.408915045649941433e+01 2.255624257904953814e-02 1.241818763199965536e-01
1.915217671509157427e+01 -8.555352911921781933e-02 1.021799785487063350e-01
2.603463381689461897e+01 -3.222399807422256235e-02 6.192546454568073622e-02
