3.539034586317787445e-01 6.219954455429998141e+00
4.810809282451223856e-01 3.822236187777474647e+00
6.539604343397805719e-01 3.693147120394004279e+00
8.889652958014770956e-01 2.149828612593592148e+00
1.208420656116956815e+00 1.863072845254186705e+00
1.642674341762206502e+00 6.575108263972376799e-01
2.232979864606631004e+00 5.398885807047590912e-01
3.035415449656088338e+00 5.743505407620921321e-01
4.126211390461417494e+00 2.361628502281146458e-01
5.608991823739494009e+00 1.346264486588171216e-01
7.624618881985678165e+00 5.522227757508035850e-02
1.036457440524031171e+01 3.215011440778254431e-02
1.408915045649941433e+01 6.479112687933006980e-03
1.915217671509157427e+01 6.256971066980049172e-03
2.603463381689461897e+01 4.030176172083889570e-03
