3.539034586317787445e-01 5.034233223502273802e+01 3.941824401096813801e+01
4.810809282451223856e-01 4.689220435574388723e+00 2.469788603191479481e+01
6.539604343397805719e-01 8.136704177859080289e+00 6.513691968675799693e+00
8.889652958014770956e-01 -7.173281302478870636e+00 9.589100400631867416e+00
1.208420656116956815e+00 9.467179615677656201e+00 3.227092749101812430e+00
1.642674341762206502e+00 -5.182003580422690270e+00 3.864780926349855594e+00
2.232979864606631004e+00 2.850401192240836212e-01 1.251041599524033154e+00
3.035415449656088338e+00 1.098028670534760831e+00 6.776419442002468152e-01
4.126211390461417494e+00 2.788588873601099971e-01 4.219411468555208655e-01
5.608991823739494009e+00 2.396651912873422052e-01 2.206323422727743400e-01
7.624618881985678165e+00 2.363874649149940443e-01 1.410221194001744782e-01
1.036457440524031171e+01 -3.784963117164951568e-02 1.275481187638687341e-01
1.408915045649941433e+01 -3.113823674349664936e-02 6.545996616808531787e-02
1.915217671509157427e+01 7.049699680743495844e-02 4.578689847489297166e-02
2.603463381689461897e+01 -4.731658315637828072e-03 3.167580414522311316e-02
