3.539034586317787445e-01 9.692817782074119037e+00
4.810809282451223856e-01 2.830558728290287540e+00
6.539604343397805719e-01 5.309520800500107107e+00
8.889652958014770956e-01 3.778809654601835710e+00
1.208420656116956815e+00 2.707478892253015523e+00
1.642674341762206502e+00 9.305228697448100217e-01
2.232979864606631004e+00 5.387638347830699947e-01
3.035415449656088338e+00 4.545841577290884450e-01
4.126211390461417494e+00 2.626160622651537713e-01
5.608991823739494009e+00 1.384300911000286849e-01
7.624618881985678165e+00 6.179786007121047808e-02
1.036457440524031171e+01 1.222719327497322553e-02
1.408915045649941433e+01 9.572092265919086157e-03
1.915217671509157427e+01 1.117537294258454106e-02
2.603463381689461897e+01 6.089572614590489305e-03
