8.889652958014770956e-01 -1.338606979993570034e+00 7.575734369703580384e+00
1.208420656116956815e+00 2.426415683488597708e+00 1.160314324710499889e+01
1.642674341762206502e+00 7.331886934221830465e+00 7.226263541697892201e+00
2.232979864606631004e+00 -2.330732475123227232e+00 3.036243713254855425e+00
3.035415449656088338e+00 -5.687967563827381889e-01 1.917894589135156425e+00
4.126211390461417494e+00 1.533661043897148524e+00 1.626437130509325923e+00
5.608991823739494009e+00 -4.706140847389809756e-01 5.306839038446625745e-01
7.624618881985678165e+00 1.497797143867384273e-01 4.060332986802974164e-01
1.036457440524031171e+01 -1.378759992803660177e-02 2.484792857548566991e-01
1.408915045649941433e+01 2.585853253855651124e-01 1.368750332980358531e-01
1.915217671509157427e+01 -1.851412086025016127e-02 8.304829218135173496e-02
2.603463381689461897e+01 -9.940413180704776863e-02 6.368642383515933647e-02
