3.539034586317787445e-01 4.656534691958874816e+00
4.810809282451223856e-01 3.941432379294909083e+00
6.539604343397805719e-01 4.441349061059307601e+00
8.889652958014770956e-01 3.058787263893416597e+00
1.208420656116956815e+00 1.652400778558639427e+00
1.642674341762206502e+00 1.073475521612605954e+00
2.232979864606631004e+00 5.760483992385388996e-01
3.035415449656088338e+00 5.072072268024588881e-01
4.126211390461417494e+00 2.159120497025606988e-01
5.608991823739494009e+00 7.828249626689751106e-02
7.624618881985678165e+00 3.160892095794306383e-02
1.036457440524031171e+01 8.434313668345893092e-03
1.408915045649941433e+01 7.077548152410823024e-03
1.915217671509157427e+01 7.149531066529102308e-03
2.603463381689461897e+01 5.155136879759313409e-03
