3.539034586317787445e-01 -5.353600087253818174e+01 5.362860585988735806e+01
4.810809282451223856e-01 -1.093364383926850003e+01 1.098359719651192279e+01
6.539604343397805719e-01 -2.353085361175705881e+00 9.136554029849998315e+00
8.889652958014770956e-01 1.280082231024526962e+01 8.046208123924259326e+00
1.208420656116956815e+00 1.880719699527659605e+00 7.085456975011618752e+00
1.642674341762206502e+00 -1.908957076036813971e+00 2.246490285684015653e+00
2.232979864606631004e+00 -1.775220356519494613e+00 4.024202385098289092e+00
3.035415449656088338e+00 -8.456277520479593690e-01 1.244393658792248836e+00
4.126211390461417494e+00 -1.826124799610276128e-01 8.145656104170309053e-01
5.608991823739494009e+00 4.401001343189732129e-01 4.334220468155079442e-01
7.624618881985678165e+00 -4.231164815743135299e-02 2.244787861859051381e-01
1.036457440524031171e+01 -8.454214427646361552e-02 1.493184400391660005e-01
1.408915045649941433e+01 2.645957889008248090e-02 1.102855787330808968e-01
1.915217671509157427e+01 -7.085064995841258706e-02 8.357079347925029655e-02
2.603463381689461897e+01 -3.083893977687241980e-02 4.419939054355382507e-02
