3.539034586317787445e-01 1.107037552372346667e+01
4.810809282451223856e-01 9.143935214043828807e+00
6.539604343397805719e-01 6.578372454591219665e+00
8.889652958014770956e-01 4.084190121229475778e+00
1.208420656116956815e+00 2.361972079978401862e+00
1.642674341762206502e+00 1.198019557394495838e+00
2.232979864606631004e+00 6.121035853756453537e-01
3.035415449656088338e+00 4.951717269927626286e-01
4.126211390461417494e+00 2.262492352742859203e-01
5.608991823739494009e+00 1.001082962180145364e-01
7.624618881985678165e+00 3.262543408405980949e-02
1.036457440524031171e+01 8.626719386135418485e-03
1.408915045649941433e+01 6.014704423151013418e-03
1.915217671509157427e+01 6.565313520021330389e-03
2.603463381689461897e+01 5.552003480352604714e-03
