3.539034586317787445e-01 -4.800348659396183493e+00 1.163137449340870688e+01
4.810809282451223856e-01 -1.877411167678340931e+00 1.135371506764305494e+01
6.539604343397805719e-01 1.877900394936633965e+00 6.491855816472093643e+00
8.889652958014770956e-01 1.771273685403996767e+00 6.177045135089823447e+00
1.208420656116956815e+00 2.547542797076808307e-01 2.175604442952577156e+00
1.642674341762206502e+00 3.351888024375373476e-01 1.483200699780893750e+00
2.232979864606631004e+00 5.644132690876142444e-01 8.428972938633543244e-01
3.035415449656088338e+00 1.310056747530568000e-01 5.877776617464147701e-01
4.126211390461417494e+00 -1.730826143667283656e-01 3.488043463728533466e-01
5.608991823739494009e+00 -8.289200129099924541e-02 1.983947768828679958e-01
7.624618881985678165e+00 9.630017788129018041e-02 9.552710106433814907e-02
1.036457440524031171e+01 3.246903880239258161e-02 6.163238385422729199e-02
1.408915045649941433e+01 -6.263669683532392674e-02 5.281283825859451470e-02
1.915217671509157427e+01 1.872295443461419011e-03 2.569118873323785954e-02
2.603463381689461897e+01 -3.965443238662356290e-03 2.131848149217477340e-02
