3.539034586317787445e-01 4.005694966055092232e-01
4.810809282451223856e-01 1.102144359411867747e+01
6.539604343397805719e-01 3.364714079521190282e+00
8.889652958014770956e-01 2.767409414184745398e+00
1.208420656116956815e+00 1.381644597176211686e+00
1.642674341762206502e+00 4.168074634454178029e-01
2.232979864606631004e+00 2.303825008660161378e-01
3.035415449656088338e+00 2.440011579191986024e-01
4.126211390461417494e+00 4.679360713622120471e-01
5.608991823739494009e+00 2.186677308296783584e-01
7.624618881985678165e+00 1.024900725876628921e-01
1.036457440524031171e+01 3.312629766014370952e-02
1.408915045649941433e+01 -3.390277821304076098e-03
1.915217671509157427e+01 5.508612412849826778e-03
2.603463381689461897e+01 1.262074993680424237e-02
