3.539034586317787445e-01 3.956084074740832790e+01 2.890529834448465962e+01
4.810809282451223856e-01 1.915753167464723461e+01 9.400955306497049691e+00
6.539604343397805719e-01 1.716442989164413291e+01 5.435863137218577279e+00
8.889652958014770956e-01 8.459404433914464505e+00 2.510988339849522966e+00
1.208420656116956815e+00 6.709028107297748456e+00 1.745521522975040041e+00
1.642674341762206502e+00 2.040179323773950504e+00 1.209406576253900134e+00
2.232979864606631004e+00 5.751010598192055623e-01 4.872791061512000699e-01
3.035415449656088338e+00 9.013361531557662065e-01 3.786554350936174873e-01
4.126211390461417494e+00 2.214538313998233587e-01 1.323213984058544679e-01
5.608991823739494009e+00 -2.682992723621306793e-04 9.398940216395335057e-02
7.624618881985678165e+00 2.484344063094473878e-02 5.432889899862865246e-02
1.036457440524031171e+01 1.190472159234294384e-02 3.820429729188049711e-02
1.408915045649941433e+01 1.682140265080727878e-02 2.147877768012303526e-02
1.915217671509157427e+01 3.150619711991855393e-02 1.742951892568100902e-02
2.603463381689461897e+01 6.694699611447598201e-04 1.366903809488508210e-02
