3.539034586317787445e-01 5.239475477011125371e+00
4.810809282451223856e-01 9.838879061507174839e+00
6.539604343397805719e-01 6.993130555481419819e+00
8.889652958014770956e-01 4.489172279668386167e+00
1.208420656116956815e+00 4.007853051988833570e+00
1.642674341762206502e+00 1.414018860857259696e+00
2.232979864606631004e+00 6.689321789420363817e-01
3.035415449656088338e+00 4.330968953834389845e-01
4.126211390461417494e+00 1.836634522882142351e-01
5.608991823739494009e+00 1.545690857603911061e-01
7.624618881985678165e+00 4.923711321652434608e-02
1.036457440524031171e+01 1.795378039374092086e-02
1.408915045649941433e+01 7.450492955336211580e-03
1.915217671509157427e+01 6.020081727151726896e-03
2.603463381689461897e+01 6.458077236543643615e-03
