3.539034586317787445e-01 -5.362863222806408814e+00
4.810809282451223856e-01 3.108266160296589753e+00
6.539604343397805719e-01 4.150932349176364333e+00
8.889652958014770956e-01 7.902295994580870175e-01
1.208420656116956815e+00 2.710781577520932295e+00
1.642674341762206502e+00 1.329994940624903421e+00
2.232979864606631004e+00 1.533330109902840965e-01
3.035415449656088338e+00 3.429726954251970383e-01
4.126211390461417494e+00 4.008835643468089960e-01
5.608991823739494009e+00 2.322206074121477837e-01
7.624618881985678165e+00 1.282079289521328713e-01
1.036457440524031171e+01 3.364760951388188343e-02
1.408915045649941433e+01 7.739091178885115947e-03
1.915217671509157427e+01 2.831320947987559997e-03
2.603463381689461897e+01 1.288805457185352756e-02
