3.539034586317787445e-01 7.734551359717213082e+00
4.810809282451223856e-01 3.215358703851299627e+00
6.539604343397805719e-01 2.438638562484397809e+00
8.889652958014770956e-01 8.445917117191645840e-01
1.208420656116956815e+00 9.065804823657914735e-01
1.642674341762206502e+00 4.355105118836945510e-01
2.232979864606631004e+00 2.587694883456791439e-01
3.035415449656088338e+00 6.120449952957855017e-02
4.126211390461417494e+00 3.910080948402177778e-03
5.608991823739494009e+00 -1.203222195763198332e-02
7.624618881985678165e+00 3.236167644075433475e-03
1.036457440524031171e+01 1.016824289296210798e-02
1.408915045649941433e+01 3.289705801818444512e-03
1.915217671509157427e+01 3.176708064989328031e-03
2.603463381689461897e+01 4.779874203471578056e-03
