3.539034586317787445e-01 4.273480133713881912e+00
4.810809282451223856e-01 2.066002488976189932e-01
6.539604343397805719e-01 5.719870483234668512e+00
8.889652958014770956e-01 3.522253418146649384e+00
1.208420656116956815e+00 1.982241649284673501e+00
1.642674341762206502e+00 5.143937860036771337e-01
2.232979864606631004e+00 3.184483581788815632e-01
3.035415449656088338e+00 8.585159364381193814e-02
4.126211390461417494e+00 2.335733919643336043e-01
5.608991823739494009e+00 1.550829560018500142e-01
7.624618881985678165e+00 8.993254718542811887e-02
1.036457440524031171e+01 2.808691882303784859e-02
1.408915045649941433e+01 -4.725826015059021550e-03
1.915217671509157427e+01 5.055810264463831902e-03
2.603463381689461897e+01 1.446868430125603996e-02
