3.539034586317787445e-01 -3.623039377068777611e+01 2.754006516020831441e+01
4.810809282451223856e-01 1.037377872337733464e+01 1.134842103180423045e+01
6.539604343397805719e-01 -6.126060972542381577e+00 6.789259125988199806e+00
8.889652958014770956e-01 7.612183683770503695e-01 3.675367718366722602e+00
1.208420656116956815e+00 5.814508779938661220e+00 5.557193007822865738e+00
1.642674341762206502e+00 -4.390868116335427396e-01 1.620144760598557276e+00
2.232979864606631004e+00 -9.297541142134125858e-01 1.558223952002870005e+00
3.035415449656088338e+00 1.729647276583875515e+00 1.077870072958310166e+00
4.126211390461417494e+00 7.041511107450046936e-01 4.773854871314764381e-01
5.608991823739494009e+00 4.058085178452884856e-01 1.921214655438202024e-01
7.624618881985678165e+00 3.679030598441584421e-01 2.077768944326413847e-01
1.036457440524031171e+01 5.389500298321083654e-02 6.113932276979254510e-02
1.408915045649941433e+01 2.875624463711165188e-02 3.374178444830511908e-02
1.915217671509157427e+01 -1.975535757321068842e-02 3.074260644667068179e-02
2.603463381689461897e+01 -2.647988492191462317e-02 2.105283610268521288e-02
