3.539034586317787445e-01 2.086769363453509811e+02
4.810809282451223856e-01 3.795761341472536543e+01
6.539604343397805719e-01 4.303122473484280164e+01
8.889652958014770956e-01 4.704175662584495399e+01
1.208420656116956815e+00 2.971424256981234890e+01
1.642674341762206502e+00 1.362053305586459828e+01
2.232979864606631004e+00 7.898458498570279929e+00
3.035415449656088338e+00 4.918925386592426285e+00
4.126211390461417494e+00 2.372708139165153440e+00
5.608991823739494009e+00 1.403234863314316794e+00
7.624618881985678165e+00 5.642200579838562158e-01
1.036457440524031171e+01 1.412780415233834408e-01
1.408915045649941433e+01 3.388512328648880800e-02
1.915217671509157427e+01 9.978387543690906553e-03
2.603463381689461897e+01 7.785971200895816513e-03
