3.539034586317787445e-01 9.254256285321700659e+01 9.256848192132346753e+01
4.810809282451223856e-01 -1.289777275803938039e+01 2.615365581683640173e+01
6.539604343397805719e-01 5.556038799404985440e+01 2.779374208923620060e+01
8.889652958014770956e-01 3.141662461144967011e+01 1.873790589759581948e+01
1.208420656116956815e+00 1.247067865841001266e+00 6.384377305534108871e+00
1.642674341762206502e+00 9.975592450254877619e+00 9.629778306564292123e+00
2.232979864606631004e+00 -5.876677043803900657e-01 2.619168465637096155e+00
3.035415449656088338e+00 6.348800423153992678e-02 9.779145215465653296e-01
4.126211390461417494e+00 1.489744390559038789e-01 6.026480998977183923e-01
5.608991823739494009e+00 -4.524652430464974895e-01 4.306414591036129003e-01
7.624618881985678165e+00 3.332767932726858617e-02 2.238681991197500054e-01
1.036457440524031171e+01 -9.411652620007369963e-02 1.618836096121208101e-01
1.408915045649941433e+01 -3.040369006451904346e-02 1.097917873697315805e-01
1.915217671509157427e+01 9.635784479946268161e-03 9.277991456412711113e-02
2.603463381689461897e+01 -2.677440561246257136e-02 7.208173036955306534e-02
