4.810809282451223856e-01 -2.236477706310586555e+01 1.608066452149411774e+01
6.539604343397805719e-01 -7.028102348140057742e+00 9.133505054783306321e+00
8.889652958014770956e-01 6.576031063505167751e-01 5.319053715861843834e+00
1.208420656116956815e+00 -9.532732180653659126e-01 3.469039802052687804e+00
1.642674341762206502e+00 6.764589108360583580e-01 2.531074894542991061e+00
2.232979864606631004e+00 -9.394244157197892964e-01 1.414010465809248940e+00
3.035415449656088338e+00 -4.522874465029916857e-01 8.456849175154328435e-01
4.126211390461417494e+00 4.899321360395966773e-01 6.086451689823482170e-01
5.608991823739494009e+00 2.250828263902109327e-01 2.804193076841787202e-01
7.624618881985678165e+00 1.393106413426859203e-01 1.793846052981873940e-01
1.036457440524031171e+01 -8.880101012926329418e-02 1.099000961051291997e-01
1.408915045649941433e+01 1.047113289357187310e-01 6.772083923082647394e-02
1.915217671509157427e+01 -3.532458359808471685e-03 4.672868074938682503e-02
2.603463381689461897e+01 -7.559122875145568360e-04 2.711628047425042320e-02
