3.539034586317787445e-01 5.256900896379647037e+01 1.996497125540770767e+01
4.810809282451223856e-01 4.497534653029405405e+01 1.479445398405025536e+01
6.539604343397805719e-01 1.372272806075653939e+01 5.741773648898349514e+00
8.889652958014770956e-01 9.202535769999101944e+00 2.331774450669190202e+00
1.208420656116956815e+00 4.721789343278431694e+00 1.280428495377413656e+00
1.642674341762206502e+00 -2.076787852499689446e+00 4.614399514091521937e+00
2.232979864606631004e+00 2.673734343498475052e-01 3.879750815744464898e-01
3.035415449656088338e+00 -9.976626119381467109e-03 2.218461698716524266e-01
4.126211390461417494e+00 4.462775714339901056e-01 1.636801269173860929e-01
5.608991823739494009e+00 -4.331489132434616224e-02 1.060672381256992647e-01
7.624618881985678165e+00 -1.225101620248005355e-02 5.404231334820715216e-02
1.036457440524031171e+01 -2.353189302527494003e-02 3.871412772822856868e-02
1.408915045649941433e+01 7.328108664364425297e-03 2.850085757694845873e-02
1.915217671509157427e+01 -1.551116234659715744e-02 1.721862687852155488e-02
2.603463381689461897e+01 8.497071406021534240e-03 1.880239515016722193e-02
