8.889652958014770956e-01 1.019220786219198516e+01 2.770433241756050791e+01
1.208420656116956815e+00 1.141756617446709399e+01 1.416274221250595211e+01
1.642674341762206502e+00 -1.632095813436350085e+01 2.514666452647957584e+01
2.232979864606631004e+00 -1.286749699085788956e+00 2.020887996446099066e+00
3.035415449656088338e+00 -2.778700773280180503e+00 2.860633325399789761e+00
4.126211390461417494e+00 -5.117665510045494859e-01 1.903061709732469131e+00
5.608991823739494009e+00 5.961460784897397724e-01 7.297555003915285887e-01
7.624618881985678165e+00 -1.846544820484543603e-01 5.812618581972737175e-01
1.036457440524031171e+01 8.611014990362477750e-01 5.256158356826076128e-01
1.408915045649941433e+01 5.698142346116842226e-04 1.757674124208615241e-01
1.915217671509157427e+01 -7.678358397853911332e-02 1.398808335742353359e-01
2.603463381689461897e+01 -4.256097335527796871e-02 7.539713055671026787e-02
