4.810809282451223856e-01 -8.117825586347260369e+00 5.158817528818982368e+01
6.539604343397805719e-01 -9.207221943634957384e+00 1.292976133914417858e+01
8.889652958014770956e-01 -2.196674065268251930e+00 1.372994340976909555e+01
1.208420656116956815e+00 4.777598731853840874e+00 5.758456133506103747e+00
1.642674341762206502e+00 -4.330695054384254838e+00 4.379207325527804784e+00
2.232979864606631004e+00 1.053781362263149557e+00 1.944389449047381868e+00
3.035415449656088338e+00 1.848730826076290468e+00 1.243162526987389160e+00
4.126211390461417494e+00 6.357602753985828192e-01 5.551137909790042624e-01
5.608991823739494009e+00 -1.604996147549367091e-01 5.363293093394000399e-01
7.624618881985678165e+00 3.739946234406024694e-01 2.984824243015710699e-01
1.036457440524031171e+01 1.051484677377019505e-01 1.468397396976401925e-01
1.408915045649941433e+01 8.751592593565345191e-02 1.124097214382119569e-01
1.915217671509157427e+01 -7.634543659232155555e-02 4.977965010238278448e-02
2.603463381689461897e+01 -2.641783237440876661e-02 4.669249341583897595e-02
