3.539034586317787445e-01 1.185756717932628668e+01
4.810809282451223856e-01 6.350353533490898705e+00
6.539604343397805719e-01 2.468720573802159812e+00
8.889652958014770956e-01 1.209824993377782931e+00
1.208420656116956815e+00 1.305924247242467029e+00
1.642674341762206502e+00 6.659311404049914618e-01
2.232979864606631004e+00 4.930937409109485969e-01
3.035415449656088338e+00 1.054961310497953136e-01
4.126211390461417494e+00 1.390379777588442688e-02
5.608991823739494009e+00 -2.036031363301433333e-02
7.624618881985678165e+00 2.145001678420763690e-03
1.036457440524031171e+01 1.081095130117391487e-02
1.408915045649941433e+01 5.685433311766931869e-03
1.915217671509157427e+01 5.709341971848189319e-03
2.603463381689461897e+01 5.824383214893921051e-03
