3.539034586317787445e-01 -1.761385474219586200e+01 1.681575509923767697e+01
4.810809282451223856e-01 -1.302839394531443240e+01 1.234806396403465101e+01
6.539604343397805719e-01 1.516806609977232334e+01 1.634049639521278152e+01
8.889652958014770956e-01 3.156811673528875595e+00 4.282987982965130946e+00
1.208420656116956815e+00 4.270100473789539830e-01 2.385573568678407419e+00
1.642674341762206502e+00 1.687966548601828043e+00 1.826615602101619551e+00
2.232979864606631004e+00 1.409882009537415604e+00 8.272688760644615336e-01
3.035415449656088338e+00 2.332149793666261073e-01 3.669812981218516512e-01
4.126211390461417494e+00 4.056218506930958645e-01 3.058417420236730355e-01
5.608991823739494009e+00 7.528796254066690008e-02 1.511145983454392772e-01
7.624618881985678165e+00 4.637346289599594829e-02 9.990534528302622008e-02
1.036457440524031171e+01 -2.415650668404310808e-02 6.303825900862881915e-02
1.408915045649941433e+01 2.731519342611103685e-02 4.232519559486030286e-02
1.915217671509157427e+01 -2.211985084777114141e-02 3.006432307863842260e-02
2.603463381689461897e+01 -3.193903413284053527e-02 2.425567571892216917e-02
