3.539034586317787445e-01 4.756294723100563004e+01
4.810809282451223856e-01 4.212357681476904503e+01
6.539604343397805719e-01 3.372759269483665889e+01
8.889652958014770956e-01 2.443262320599332327e+01
1.208420656116956815e+00 1.435011003929300877e+01
1.642674341762206502e+00 8.722264617900496120e+00
2.232979864606631004e+00 4.693092278969178466e+00
3.035415449656088338e+00 2.819216918718619347e+00
4.126211390461417494e+00 1.680002754655956165e+00
5.608991823739494009e+00 8.218589544025100002e-01
7.624618881985678165e+00 2.912002001380772365e-01
1.036457440524031171e+01 8.647057714802355854e-02
1.408915045649941433e+01 3.214196209320320519e-02
1.915217671509157427e+01 2.145634991675136535e-03
2.603463381689461897e+01 2.211362682504361323e-03
