3.539034586317787445e-01 1.999159492224476864e+01 1.276384907455976681e+01
4.810809282451223856e-01 -6.259263304866598432e+00 5.209133771141249092e+00
6.539604343397805719e-01 6.769711663502221199e+00 3.768262243293143854e+00
8.889652958014770956e-01 1.876434889863268340e+00 3.499254964550712721e+00
1.208420656116956815e+00 1.193048943803262985e+00 1.225110021459899556e+00
1.642674341762206502e+00 1.472923985147115200e+00 8.842081563696966295e-01
2.232979864606631004e+00 5.417653334498455653e-01 4.480691491328603893e-01
3.035415449656088338e+00 -8.593316899339951964e-02 3.475675436509856331e-01
4.126211390461417494e+00 1.841692484960373924e-02 1.565678774950241270e-01
5.608991823739494009e+00 6.509851392685873928e-02 1.087361731272455390e-01
7.624618881985678165e+00 6.722660492386178799e-02 5.574060939025320127e-02
1.036457440524031171e+01 3.196734726731049591e-03 2.936016870734715206e-02
1.408915045649941433e+01 4.567694858814847110e-03 2.827305139956039909e-02
1.915217671509157427e+01 1.342053651999805357e-02 1.896492417991559390e-02
2.603463381689461897e+01 7.530031877005259611e-03 1.250706495480189556e-02
