4.810809282451223856e-01 4.970320418228796200e+01 3.670662435283556135e+01
6.539604343397805719e-01 -1.987045793114844194e+00 1.072677121158099212e+01
8.889652958014770956e-01 1.828919807463692493e+01 1.144548455976762646e+01
1.208420656116956815e+00 -1.063385257895537350e+01 1.078025145312444977e+01
1.642674341762206502e+00 4.050891962906319477e-01 2.765388825440341147e+00
2.232979864606631004e+00 -7.496114907817325035e-01 2.010928977337481882e+00
3.035415449656088338e+00 7.061977010693112344e-01 1.099696281998941982e+00
4.126211390461417494e+00 1.053297108221703665e-01 7.506801967973408818e-01
5.608991823739494009e+00 3.562089685108345560e-01 3.705984683917653566e-01
7.624618881985678165e+00 2.031335617536550175e-01 2.171675713056497592e-01
1.036457440524031171e+01 -7.712396726155240634e-02 1.319722384432147622e-01
1.408915045649941433e+01 1.432200111870645387e-01 8.391902169926872268e-02
1.915217671509157427e+01 -4.915786602519742199e-02 5.902126907995618177e-02
2.603463381689461897e+01 7.535168040322225147e-02 4.368529837810702920e-02
