3.539034586317787445e-01 9.906973176233681500e+01 5.955391399270842356e+01
4.810809282451223856e-01 3.063058257034263931e+01 4.640986816649264313e+01
6.539604343397805719e-01 2.731560239568347481e-01 1.701834892627180906e+01
8.889652958014770956e-01 2.742758632382029660e+01 9.092937893784753811e+00
1.208420656116956815e+00 1.805763435995816124e+00 7.175237029040550496e+00
1.642674341762206502e+00 1.998133499223234910e+00 2.104554555972248941e+00
2.232979864606631004e+00 -9.425718375683134198e-02 1.280580097578695620e+00
3.035415449656088338e+00 -8.475485262289686461e-02 6.673108412687421831e-01
4.126211390461417494e+00 3.698906226331029057e-01 5.382591773977822847e-01
5.608991823739494009e+00 3.341599331201850487e-01 2.649022724989503197e-01
7.624618881985678165e+00 -7.452710039900379418e-03 1.613668728163544230e-01
1.036457440524031171e+01 -1.346182568475135788e-01 9.314604827767140882e-02
1.408915045649941433e+01 8.495560882322378271e-02 6.177186829452274708e-02
1.915217671509157427e+01 -6.668342178383339369e-02 7.551467259613306449e-02
2.603463381689461897e+01 1.343448394100062518e-02 3.387549462989705024e-02
