3.539034586317787445e-01 1.014427669368059703e+01
4.810809282451223856e-01 1.160359865309272109e+01
6.539604343397805719e-01 9.461834219823028747e+00
8.889652958014770956e-01 5.779401182528765446e+00
1.208420656116956815e+00 2.643579742039565250e+00
1.642674341762206502e+00 1.478155678977981724e+00
2.232979864606631004e+00 8.034639838541350887e-01
3.035415449656088338e+00 3.985491138671103384e-01
4.126211390461417494e+00 1.990094969307384665e-01
5.608991823739494009e+00 6.852695616310228166e-02
7.624618881985678165e+00 3.739847191815905136e-02
1.036457440524031171e+01 1.104015902162179888e-02
1.408915045649941433e+01 7.247103720337369145e-03
1.915217671509157427e+01 5.563614923421823961e-03
2.603463381689461897e+01 4.970967500154351709e-03
