3.539034586317787445e-01 3.222320063320407435e+00
4.810809282451223856e-01 4.224988022444799540e+00
6.539604343397805719e-01 2.972480055766473672e+00
8.889652958014770956e-01 2.957359047703164823e+00
1.208420656116956815e+00 1.572711429856198162e+00
1.642674341762206502e+00 2.910329096256624171e-01
2.232979864606631004e+00 2.324486497239635630e-01
3.035415449656088338e+00 3.610119812921898097e-01
4.126211390461417494e+00 1.926999342459202180e-01
5.608991823739494009e+00 1.049271646500128108e-01
7.624618881985678165e+00 1.194441735117731246e-01
1.036457440524031171e+01 2.967784237180151607e-02
1.408915045649941433e+01 2.608800455418964787e-03
1.915217671509157427e+01 -3.266487090519144256e-04
2.603463381689461897e+01 6.041476756801725072e-03
