3.539034586317787445e-01 1.029749361289755782e+01
4.810809282451223856e-01 6.848211676902051792e+00
6.539604343397805719e-01 5.859875136494399506e+00
8.889652958014770956e-01 4.230015944252095927e+00
1.208420656116956815e+00 2.393365277126781709e+00
1.642674341762206502e+00 1.054922425018433918e+00
2.232979864606631004e+00 5.399841634999348328e-01
3.035415449656088338e+00 4.277053319613296489e-01
4.126211390461417494e+00 2.010094875103193568e-01
5.608991823739494009e+00 7.620638890351480454e-02
7.624618881985678165e+00 2.582690951958751396e-02
1.036457440524031171e+01 1.238141528661452703e-02
1.408915045649941433e+01 8.719459675716583966e-03
1.915217671509157427e+01 7.012069048971061695e-03
2.603463381689461897e+01 7.671619675439571642e-03
