3.539034586317787445e-01 7.548958896900914795e+01 4.590961508765617793e+01
4.810809282451223856e-01 1.745439942514598997e+01 2.661081232978763467e+01
6.539604343397805719e-01 2.544969552672969115e+01 2.122564767770878191e+01
8.889652958014770956e-01 2.574717702312660705e+01 8.938831996044697803e+00
1.208420656116956815e+00 5.098661706702280583e+00 5.607845009267417247e+00
1.642674341762206502e+00 2.059789281271009287e+01 1.055140095792284782e+01
2.232979864606631004e+00 3.878273219406803474e+00 1.409205127737892305e+00
3.035415449656088338e+00 2.706938910703639234e+00 9.321988289334905975e-01
4.126211390461417494e+00 1.471549207519641689e+00 4.614420821588433586e-01
5.608991823739494009e+00 4.061214217987098030e-01 2.315968406463242146e-01
7.624618881985678165e+00 1.622770480210303512e-01 1.371375946903036769e-01
1.036457440524031171e+01 1.647543123666958820e-01 1.001532752132449078e-01
1.408915045649941433e+01 3.658914945473583369e-02 5.611095675467990540e-02
1.915217671509157427e+01 -9.966800571542011253e-03 4.221948680077453053e-02
2.603463381689461897e+01 -6.423881079992154602e-03 2.523124822924830910e-02
