3.539034586317787445e-01 9.988949811885131425e+00
4.810809282451223856e-01 5.459642426977198149e+00
6.539604343397805719e-01 2.307490059743971145e+00
8.889652958014770956e-01 1.098305158708578144e+00
1.208420656116956815e+00 9.271780728999254872e-01
1.642674341762206502e+00 5.681802647561358111e-01
2.232979864606631004e+00 2.604422071513747272e-01
3.035415449656088338e+00 8.674056307426203372e-02
4.126211390461417494e+00 1.795664948072971806e-02
5.608991823739494009e+00 5.637230413377731803e-04
7.624618881985678165e+00 -2.538154049601807835e-03
1.036457440524031171e+01 7.356843384713360190e-03
1.408915045649941433e+01 6.025569186979226090e-03
1.915217671509157427e+01 4.947865183199432262e-03
2.603463381689461897e+01 6.603906178456696134e-03
