  1.0000000e+02   4.5313076e-10   4.2943280e-12   4.5361816e-10   4.0261377e-12   4.5370565e-10   3.9888212e-12
  1.1117845e+02   4.5311774e-10   4.2887361e-12   4.5360511e-10   4.0218322e-12   4.5369279e-10   3.9844227e-12
  1.2360647e+02   4.5298495e-10   4.2909794e-12   4.5347936e-10   4.0403003e-12   4.5354756e-10   4.0143800e-12
  1.3742375e+02   4.5295265e-10   4.2861484e-12   4.5344620e-10   4.0396265e-12   4.5351363e-10   4.0144260e-12
  1.5278559e+02   4.5292871e-10   4.2792498e-12   4.5342248e-10   4.0351652e-12   4.5348959e-10   4.0102143e-12
  1.6986465e+02   4.5294604e-10   4.2713769e-12   4.5341809e-10   4.0282970e-12   4.5347909e-10   4.0045948e-12
  1.8885287e+02   4.5292854e-10   4.2627462e-12   4.5339589e-10   4.0220868e-12   4.5345532e-10   3.9987462e-12
  2.0996369e+02   4.5292068e-10   4.2531349e-12   4.5335678e-10   4.0223786e-12   4.5341409e-10   3.9999055e-12
  2.3343437e+02   4.5291147e-10   4.2421681e-12   4.5330809e-10   4.0246699e-12   4.5336304e-10   4.0032603e-12
  2.5952870e+02   4.5287708e-10   4.2297773e-12   4.5324377e-10   4.0258836e-12   4.5329427e-10   4.0064405e-12
  2.8853998e+02   4.5283110e-10   4.2159950e-12   4.5316581e-10   4.0273744e-12   4.5321070e-10   4.0103468e-12
  3.2079427e+02   4.5280377e-10   4.1980875e-12   4.5307818e-10   4.0321895e-12   4.5311731e-10   4.0176265e-12
  3.5665408e+02   4.5277043e-10   4.1776710e-12   4.5298910e-10   4.0337153e-12   4.5302006e-10   4.0221074e-12
  3.9652247e+02   4.5272833e-10   4.1546241e-12   4.5288870e-10   4.0341314e-12   4.5291328e-10   4.0249217e-12
  4.4084752e+02   4.5267755e-10   4.1289284e-12   4.5277463e-10   4.0339822e-12   4.5279726e-10   4.0260277e-12
  4.9012742e+02   4.5262455e-10   4.0998742e-12   4.5266372e-10   4.0294746e-12   4.5268116e-10   4.0234832e-12
  5.4491605e+02   4.5256758e-10   4.0674479e-12   4.5254859e-10   4.0213113e-12   4.5256161e-10   4.0171392e-12
  6.0582920e+02   4.5250894e-10   4.0320965e-12   4.5243192e-10   4.0094150e-12   4.5244055e-10   4.0068905e-12
  6.7355149e+02   4.5243046e-10   3.9953839e-12   4.5231710e-10   3.9915869e-12   4.5231770e-10   3.9914384e-12
  7.4884408e+02   4.5235181e-10   3.9547989e-12   4.5220668e-10   3.9679204e-12   4.5220025e-10   3.9696214e-12
  8.3255321e+02   4.5226012e-10   3.9116001e-12   4.5209022e-10   3.9392284e-12   4.5207758e-10   3.9423871e-12
  9.2561972e+02   4.5214656e-10   3.8669072e-12   4.5196486e-10   3.9053186e-12   4.5194674e-10   3.9096506e-12
  1.0290896e+03   4.5199696e-10   3.8230982e-12   4.5182243e-10   3.8665602e-12   4.5180522e-10   3.8705999e-12
  1.1441258e+03   4.5181422e-10   3.7775051e-12   4.5165484e-10   3.8232643e-12   4.5164355e-10   3.8259418e-12
  1.2720213e+03   4.5159457e-10   3.7290325e-12   4.5145788e-10   3.7749811e-12   4.5145200e-10   3.7764155e-12
  1.4142136e+03   4.5133590e-10   3.6766056e-12   4.5123221e-10   3.7203334e-12   4.5122900e-10   3.7209828e-12
  1.5723007e+03   4.5103296e-10   3.6197878e-12   4.5097198e-10   3.6585048e-12   4.5096859e-10   3.6589776e-12
  1.7480594e+03   4.5067229e-10   3.5615190e-12   4.5066768e-10   3.5899191e-12   4.5066393e-10   3.5905891e-12
  1.9434653e+03   4.5025890e-10   3.4999326e-12   4.5031482e-10   3.5134217e-12   4.5031726e-10   3.5129398e-12
  2.1607146e+03   4.4981032e-10   3.4296533e-12   4.4990413e-10   3.4300533e-12   4.4990790e-10   3.4293083e-12
  2.4022489e+03   4.4931739e-10   3.3482681e-12   4.4942231e-10   3.3423001e-12   4.4941908e-10   3.3415725e-12
  2.6707830e+03   4.4876714e-10   3.2524425e-12   4.4885187e-10   3.2503399e-12   4.4884624e-10   3.2495811e-12
  2.9693350e+03   4.4812876e-10   3.1602439e-12   4.4816916e-10   3.1655413e-12   4.4816822e-10   3.1647577e-12
  3.3012605e+03   4.4736793e-10   3.0867813e-12   4.4736727e-10   3.0950482e-12   4.4736694e-10   3.0940215e-12
  3.6702901e+03   4.4641212e-10   3.0511347e-12   4.4640337e-10   3.0535915e-12   4.4640452e-10   3.0534586e-12
  4.0805715e+03   4.4524744e-10   3.0569731e-12   4.4523617e-10   3.0535563e-12   4.4523340e-10   3.0527208e-12
  4.5367160e+03   4.4382689e-10   3.1156970e-12   4.4381395e-10   3.1134753e-12   4.4381707e-10   3.1141044e-12
  5.0438504e+03   4.4203266e-10   3.2600080e-12   4.4201241e-10   3.2622597e-12   4.4200951e-10   3.2620047e-12
  5.6076745e+03   4.3972740e-10   3.5485728e-12   4.3966908e-10   3.5565285e-12   4.3966321e-10   3.5571904e-12
  6.2345254e+03   4.3675582e-10   4.0427322e-12   4.3662751e-10   4.0933688e-12   4.3662676e-10   4.0936172e-12
  6.9314484e+03   4.3276382e-10   4.7507714e-12   4.3246858e-10   4.9173772e-12   4.3246732e-10   4.9170214e-12
  7.7062767e+03   4.2731467e-10   5.5727676e-12   4.2685776e-10   5.8805178e-12   4.2685136e-10   5.8834450e-12
  8.5677186e+03   4.1953484e-10   6.5851603e-12   4.1918428e-10   6.8260365e-12   4.1917879e-10   6.8282979e-12
  9.5254565e+03   4.0951970e-10   7.5644666e-12   4.0947254e-10   7.5851914e-12   4.0946601e-10   7.5893496e-12
  1.0590254e+04   3.9972399e-10   8.9178095e-12   3.9989844e-10   8.8330139e-12   3.9988522e-10   8.8386241e-12
  1.1774080e+04   3.9944585e-10   1.1518286e-11   3.9915722e-10   1.1632751e-11   3.9914616e-10   1.1636972e-11
  1.3090240e+04   4.0192577e-10   1.1505888e-11   4.0129515e-10   1.1765656e-11   4.0128728e-10   1.1768501e-11
  1.4553525e+04   4.0190488e-10   1.1380457e-11   4.0132308e-10   1.1613916e-11   4.0131990e-10   1.1615063e-11
  1.6180383e+04   4.0127134e-10   1.1630079e-11   4.0121163e-10   1.1655050e-11   4.0119490e-10   1.1660943e-11
  1.7989098e+04   4.0084180e-10   1.1779052e-11   4.0110821e-10   1.1691779e-11   4.0110495e-10   1.1692990e-11
