  1.0000000e+02  -2.7857404e+00   1.4409932e-04  -2.7856288e+00   4.5358796e-03  -2.7856421e+00   4.2600679e-03
  1.1117845e+02  -2.7856534e+00   1.6635468e-04  -2.7855040e+00   5.2476320e-03  -2.7855219e+00   4.9289632e-03
  1.2360647e+02  -2.7855451e+00   4.4519768e-04  -2.7844423e+00   1.4223482e-02  -2.7845595e+00   1.3462896e-02
  1.3742375e+02  -2.7854113e+00   6.3788682e-04  -2.7831414e+00   2.0337958e-02  -2.7833778e+00   1.9278644e-02
  1.5278559e+02  -2.7852460e+00   7.9639691e-04  -2.7817018e+00   2.5316978e-02  -2.7820652e+00   2.4028548e-02
  1.6986465e+02  -2.7850366e+00   1.3606509e-03  -2.7746381e+00   4.2525532e-02  -2.7756261e+00   4.0601133e-02
  1.8885287e+02  -2.7847766e+00   1.8923011e-03  -2.7653402e+00   5.6580047e-02  -2.7670760e+00   5.4320221e-02
  2.0996369e+02  -2.7844529e+00   2.4794268e-03  -2.7527296e+00   6.9506353e-02  -2.7553454e+00   6.7199772e-02
  2.3343437e+02  -2.7840474e+00   3.2104218e-03  -2.7353534e+00   8.1125022e-02  -2.7388982e+00   7.9194912e-02
  2.5952870e+02  -2.7835500e+00   3.8372000e-03  -2.7210063e+00   8.7008518e-02  -2.7249412e+00   8.5648912e-02
  2.8853998e+02  -2.7829393e+00   4.4064084e-03  -2.7090504e+00   8.9886646e-02  -2.7130306e+00   8.9069457e-02
  3.2079427e+02  -2.7821767e+00   5.1577894e-03  -2.6962888e+00   9.1244939e-02  -2.7000236e+00   9.0995085e-02
  3.5665408e+02  -2.7812298e+00   6.0210337e-03  -2.6845831e+00   9.0953967e-02  -2.6879852e+00   9.1137990e-02
  3.9652247e+02  -2.7800456e+00   7.1108250e-03  -2.6735252e+00   8.9338745e-02  -2.6765081e+00   8.9841899e-02
  4.4084752e+02  -2.7785516e+00   8.5754207e-03  -2.6628461e+00   8.6498766e-02  -2.6653133e+00   8.7205015e-02
  4.9012742e+02  -2.7766599e+00   1.0466382e-02  -2.6534188e+00   8.2835044e-02  -2.6554917e+00   8.3663514e-02
  5.4491605e+02  -2.7742461e+00   1.2902273e-02  -2.6454498e+00   7.8763460e-02  -2.6470977e+00   7.9603235e-02
  6.0582920e+02  -2.7711256e+00   1.6081321e-02  -2.6384844e+00   7.4388272e-02  -2.6397699e+00   7.5182480e-02
  6.7355149e+02  -2.7670023e+00   2.0322666e-02  -2.6327971e+00   7.0100765e-02  -2.6337915e+00   7.0824561e-02
  7.4884408e+02  -2.7616240e+00   2.5290983e-02  -2.6280427e+00   6.5917813e-02  -2.6288175e+00   6.6560119e-02
  8.3255321e+02  -2.7542953e+00   3.1680733e-02  -2.6232792e+00   6.1206789e-02  -2.6238930e+00   6.1782159e-02
  9.2561972e+02  -2.7445426e+00   3.8775458e-02  -2.6192747e+00   5.6680298e-02  -2.6198009e+00   5.7219025e-02
  1.0290896e+03  -2.7314869e+00   4.6345745e-02  -2.6153695e+00   5.1802197e-02  -2.6157798e+00   5.2280315e-02
  1.1441258e+03  -2.7145584e+00   5.3174755e-02  -2.6115578e+00   4.6606246e-02  -2.6118270e+00   4.6986720e-02
  1.2720213e+03  -2.6931443e+00   5.7900299e-02  -2.6078371e+00   4.1159646e-02  -2.6079876e+00   4.1445730e-02
  1.4142136e+03  -2.6683595e+00   5.8112960e-02  -2.6044069e+00   3.5860601e-02  -2.6044701e+00   3.6058029e-02
  1.5723007e+03  -2.6425840e+00   5.2327185e-02  -2.6013837e+00   3.1231717e-02  -2.6013864e+00   3.1328181e-02
  1.7480594e+03  -2.6200262e+00   4.1349476e-02  -2.5988740e+00   2.7827690e-02  -2.5988262e+00   2.7826106e-02
  1.9434653e+03  -2.6047940e+00   3.0318096e-02  -2.5968997e+00   2.5912032e-02  -2.5967875e+00   2.5834362e-02
  2.1607146e+03  -2.5972105e+00   2.5248231e-02  -2.5953320e+00   2.5171683e-02  -2.5951773e+00   2.5063060e-02
  2.4022489e+03  -2.5941118e+00   2.4842078e-02  -2.5939152e+00   2.4983784e-02  -2.5937773e+00   2.4893311e-02
  2.6707830e+03  -2.5924506e+00   2.5049888e-02  -2.5924388e+00   2.4925862e-02  -2.5923087e+00   2.4841581e-02
  2.9693350e+03  -2.5908140e+00   2.4798096e-02  -2.5907439e+00   2.4779980e-02  -2.5906144e+00   2.4692616e-02
  3.3012605e+03  -2.5888691e+00   2.4408706e-02  -2.5887432e+00   2.4574759e-02  -2.5886193e+00   2.4487873e-02
  3.6702901e+03  -2.5864929e+00   2.4105060e-02  -2.5863665e+00   2.4370302e-02  -2.5862497e+00   2.4281990e-02
  4.0805715e+03  -2.5835758e+00   2.3846078e-02  -2.5834853e+00   2.4136690e-02  -2.5833818e+00   2.4062959e-02
  4.5367160e+03  -2.5801808e+00   2.3580915e-02  -2.5801658e+00   2.3883921e-02  -2.5800622e+00   2.3819725e-02
  5.0438504e+03  -2.5760138e+00   2.3514526e-02  -2.5760035e+00   2.3761638e-02  -2.5758890e+00   2.3711653e-02
  5.6076745e+03  -2.5711993e+00   2.3499085e-02  -2.5711035e+00   2.3713573e-02  -2.5709854e+00   2.3667142e-02
  6.2345254e+03  -2.5653280e+00   2.3526392e-02  -2.5653026e+00   2.3840935e-02  -2.5651760e+00   2.3786070e-02
  6.9314484e+03  -2.5580367e+00   2.3800620e-02  -2.5580958e+00   2.4244492e-02  -2.5579908e+00   2.4208448e-02
  7.7062767e+03  -2.5491193e+00   2.4356713e-02  -2.5490911e+00   2.4862632e-02  -2.5489828e+00   2.4823813e-02
  8.5677186e+03  -2.5379380e+00   2.5762665e-02  -2.5375956e+00   2.6062975e-02  -2.5374417e+00   2.6022554e-02
  9.5254565e+03  -2.5232056e+00   2.8269550e-02  -2.5220571e+00   2.8089273e-02  -2.5218863e+00   2.8057463e-02
  1.0590254e+04  -2.5028171e+00   3.1828743e-02  -2.5003519e+00   3.1287523e-02  -2.5001672e+00   3.1253923e-02
  1.1774080e+04  -2.4718371e+00   3.7045876e-02  -2.4682988e+00   3.6240125e-02  -2.4680842e+00   3.6200749e-02
  1.3090240e+04  -2.4223167e+00   4.4384584e-02  -2.4197671e+00   4.3171835e-02  -2.4195014e+00   4.3130045e-02
  1.4553525e+04  -2.3507137e+00   5.2733276e-02  -2.3493390e+00   5.1259735e-02  -2.3489864e+00   5.1172914e-02
  1.6180383e+04  -2.2719288e+00   6.4989347e-02  -2.2721340e+00   6.4532324e-02  -2.2717838e+00   6.4369076e-02
  1.7989098e+04  -2.2698089e+00   9.7693185e-02  -2.2704630e+00   9.7299442e-02  -2.2698424e+00   9.7141109e-02
