  1.0000000e+02   1.4144511e-10   1.8935522e-16   1.4144508e-10   4.3224885e-15   1.4144509e-10   4.0065225e-15
  1.1117845e+02   1.4144462e-10   2.1839611e-16   1.4144457e-10   4.9991823e-15   1.4144458e-10   4.6342497e-15
  1.2360647e+02   1.4144400e-10   6.0427916e-16   1.4144369e-10   1.3658247e-14   1.4144373e-10   1.2734768e-14
  1.3742375e+02   1.4144323e-10   8.6792014e-16   1.4144260e-10   1.9642977e-14   1.4144268e-10   1.8334857e-14
  1.5278559e+02   1.4144229e-10   1.0841134e-15   1.4144130e-10   2.4586059e-14   1.4144142e-10   2.2968994e-14
  1.6986465e+02   1.4144112e-10   1.8506337e-15   1.4143819e-10   4.2184468e-14   1.4143853e-10   3.9643045e-14
  1.8885287e+02   1.4143968e-10   2.5691395e-15   1.4143397e-10   5.8656804e-14   1.4143462e-10   5.5247312e-14
  2.0996369e+02   1.4143789e-10   3.3457078e-15   1.4142804e-10   7.6726237e-14   1.4142917e-10   7.2271139e-14
  2.3343437e+02   1.4143568e-10   4.2962545e-15   1.4141915e-10   9.8722429e-14   1.4142105e-10   9.3022152e-14
  2.5952870e+02   1.4143295e-10   5.1350141e-15   1.4140981e-10   1.1596514e-13   1.4141237e-10   1.0960484e-13
  2.8853998e+02   1.4142958e-10   5.9155241e-15   1.4140002e-10   1.3007371e-13   1.4140311e-10   1.2341554e-13
  3.2079427e+02   1.4142542e-10   6.8689975e-15   1.4138782e-10   1.4526638e-13   1.4139145e-10   1.3853029e-13
  3.5665408e+02   1.4142027e-10   7.9388937e-15   1.4137409e-10   1.5920276e-13   1.4137813e-10   1.5266501e-13
  3.9652247e+02   1.4141391e-10   9.2410962e-15   1.4135792e-10   1.7296264e-13   1.4136221e-10   1.6689355e-13
  4.4084752e+02   1.4140604e-10   1.0876539e-14   1.4133806e-10   1.8736508e-13   1.4134251e-10   1.8192106e-13
  4.9012742e+02   1.4139633e-10   1.2829217e-14   1.4131573e-10   1.9997885e-13   1.4132023e-10   1.9521159e-13
  5.4491605e+02   1.4138432e-10   1.5193738e-14   1.4129082e-10   2.1048397e-13   1.4129535e-10   2.0632339e-13
  6.0582920e+02   1.4136950e-10   1.7981369e-14   1.4126293e-10   2.1869160e-13   1.4126716e-10   2.1533685e-13
  6.7355149e+02   1.4135119e-10   2.1313623e-14   1.4123324e-10   2.2321069e-13   1.4123750e-10   2.2027331e-13
  7.4884408e+02   1.4132861e-10   2.5114107e-14   1.4120137e-10   2.2397287e-13   1.4120549e-10   2.2149452e-13
  8.3255321e+02   1.4130075e-10   2.9884161e-14   1.4116697e-10   2.2067878e-13   1.4117095e-10   2.1859448e-13
  9.2561972e+02   1.4126635e-10   3.5701091e-14   1.4112824e-10   2.1350122e-13   1.4113168e-10   2.1196213e-13
  1.0290896e+03   1.4122389e-10   4.3064437e-14   1.4108512e-10   2.0138456e-13   1.4108799e-10   2.0031714e-13
  1.1441258e+03   1.4117152e-10   5.1764925e-14   1.4103715e-10   1.8335089e-13   1.4103921e-10   1.8273771e-13
  1.2720213e+03   1.4110700e-10   6.1674184e-14   1.4098289e-10   1.5844207e-13   1.4098447e-10   1.5810487e-13
  1.4142136e+03   1.4102792e-10   7.1407803e-14   1.4092441e-10   1.2473356e-13   1.4092569e-10   1.2456562e-13
  1.5723007e+03   1.4093146e-10   8.0482650e-14   1.4086157e-10   8.1021337e-14   1.4086232e-10   8.0994508e-14
  1.7480594e+03   1.4081493e-10   8.8165949e-14   1.4079679e-10   2.6146994e-14   1.4079694e-10   2.6158673e-14
  1.9434653e+03   1.4067710e-10   9.5926414e-14   1.4073528e-10   3.9585194e-14   1.4073515e-10   3.9615715e-14
  2.1607146e+03   1.4052170e-10   1.1754665e-13   1.4068439e-10   1.1245645e-13   1.4068411e-10   1.1256896e-13
  2.4022489e+03   1.4036607e-10   1.8346177e-13   1.4065064e-10   1.8406519e-13   1.4065036e-10   1.8424643e-13
  2.6707830e+03   1.4025427e-10   3.0932546e-13   1.4063827e-10   2.4059506e-13   1.4063802e-10   2.4083156e-13
  2.9693350e+03   1.4024774e-10   4.5316239e-13   1.4064362e-10   2.6741338e-13   1.4064367e-10   2.6734388e-13
  3.3012605e+03   1.4034482e-10   5.1920891e-13   1.4065523e-10   2.5758602e-13   1.4065570e-10   2.5654798e-13
  3.6702901e+03   1.4045303e-10   4.7476820e-13   1.4066095e-10   2.1575484e-13   1.4066118e-10   2.1493017e-13
  4.0805715e+03   1.4051313e-10   3.7876477e-13   1.4065367e-10   1.5621635e-13   1.4065369e-10   1.5607909e-13
  4.5367160e+03   1.4052435e-10   2.9549351e-13   1.4063247e-10   9.6258518e-14   1.4063250e-10   9.5830878e-14
  5.0438504e+03   1.4050275e-10   2.4989725e-13   1.4059956e-10   4.9420451e-14   1.4059957e-10   4.9206031e-14
  5.6076745e+03   1.4046973e-10   2.2321600e-13   1.4055685e-10   1.9035714e-14   1.4055686e-10   1.8908648e-14
  6.2345254e+03   1.4042511e-10   2.0458689e-13   1.4050441e-10   0.0000000e+00   1.4050441e-10   1.7347235e-18
  6.9314484e+03   1.4036734e-10   1.8862972e-13   1.4044125e-10   0.0000000e+00   1.4044125e-10   1.7347235e-18
  7.7062767e+03   1.4030095e-10   1.6672079e-13   1.4036582e-10   0.0000000e+00   1.4036582e-10   0.0000000e+00
  8.5677186e+03   1.4022274e-10   1.3884863e-13   1.4027534e-10   0.0000000e+00   1.4027534e-10   0.0000000e+00
  9.5254565e+03   1.4012406e-10   1.0779846e-13   1.4016449e-10   3.0046292e-18   1.4016449e-10   0.0000000e+00
  1.0590254e+04   1.3999884e-10   7.0024001e-14   1.4002514e-10   1.7347235e-18   1.4002514e-10   3.0046292e-18
  1.1774080e+04   1.3984146e-10   2.2311671e-14   1.3984981e-10   0.0000000e+00   1.3984981e-10   3.0046292e-18
  1.3090240e+04   1.3964804e-10   3.3781904e-14   1.3963587e-10   0.0000000e+00   1.3963587e-10   0.0000000e+00
  1.4553525e+04   1.3941034e-10   9.4662675e-14   1.3937792e-10   0.0000000e+00   1.3937792e-10   0.0000000e+00
  1.6180383e+04   1.3910554e-10   1.6425923e-13   1.3905168e-10   0.0000000e+00   1.3905168e-10   0.0000000e+00
  1.7989098e+04   1.3870216e-10   2.3699030e-13   1.3863020e-10   0.0000000e+00   1.3863020e-10   0.0000000e+00
