  1.0000000e+02  -4.1629058e+00   1.0406111e-02  -4.1654956e+00   1.0614898e-02  -4.1655946e+00   1.0669529e-02
  1.1117845e+02  -4.1628721e+00   1.0416216e-02  -4.1654623e+00   1.0624044e-02  -4.1655618e+00   1.0678955e-02
  1.2360647e+02  -4.1631741e+00   1.0329563e-02  -4.1657193e+00   1.0471544e-02  -4.1657783e+00   1.0517513e-02
  1.3742375e+02  -4.1631586e+00   1.0327039e-02  -4.1656995e+00   1.0462046e-02  -4.1657553e+00   1.0508296e-02
  1.5278559e+02  -4.1631238e+00   1.0335078e-02  -4.1656644e+00   1.0466312e-02  -4.1657190e+00   1.0512800e-02
  1.6986465e+02  -4.1628960e+00   1.0383301e-02  -4.1655118e+00   1.0518201e-02  -4.1655786e+00   1.0556931e-02
  1.8885287e+02  -4.1627920e+00   1.0404868e-02  -4.1654255e+00   1.0540661e-02  -4.1654961e+00   1.0577472e-02
  2.0996369e+02  -4.1626141e+00   1.0438659e-02  -4.1652695e+00   1.0566589e-02  -4.1653425e+00   1.0601728e-02
  2.3343437e+02  -4.1624121e+00   1.0475582e-02  -4.1650793e+00   1.0593881e-02  -4.1651545e+00   1.0627419e-02
  2.5952870e+02  -4.1623082e+00   1.0498683e-02  -4.1649634e+00   1.0593532e-02  -4.1650390e+00   1.0623443e-02
  2.8853998e+02  -4.1622328e+00   1.0518897e-02  -4.1648695e+00   1.0579180e-02  -4.1649450e+00   1.0604250e-02
  3.2079427e+02  -4.1620795e+00   1.0562312e-02  -4.1646765e+00   1.0581080e-02  -4.1647506e+00   1.0601919e-02
  3.5665408e+02  -4.1619353e+00   1.0609354e-02  -4.1644773e+00   1.0586799e-02  -4.1645515e+00   1.0600584e-02
  3.9652247e+02  -4.1618189e+00   1.0658556e-02  -4.1642839e+00   1.0584815e-02  -4.1643558e+00   1.0593475e-02
  4.4084752e+02  -4.1617321e+00   1.0710068e-02  -4.1640883e+00   1.0574701e-02  -4.1641527e+00   1.0583475e-02
  4.9012742e+02  -4.1616481e+00   1.0769686e-02  -4.1638584e+00   1.0580286e-02  -4.1639149e+00   1.0585985e-02
  5.4491605e+02  -4.1615764e+00   1.0835962e-02  -4.1636310e+00   1.0587250e-02  -4.1636712e+00   1.0592165e-02
  6.0582920e+02  -4.1614616e+00   1.0912972e-02  -4.1633735e+00   1.0606246e-02  -4.1633964e+00   1.0610478e-02
  6.7355149e+02  -4.1614240e+00   1.0979157e-02  -4.1631342e+00   1.0632175e-02  -4.1631348e+00   1.0632667e-02
  7.4884408e+02  -4.1613119e+00   1.1062077e-02  -4.1628530e+00   1.0682991e-02  -4.1628366e+00   1.0679504e-02
  8.3255321e+02  -4.1611629e+00   1.1151091e-02  -4.1625649e+00   1.0742830e-02  -4.1625387e+00   1.0734532e-02
  9.2561972e+02  -4.1609617e+00   1.1242604e-02  -4.1622403e+00   1.0818618e-02  -4.1622140e+00   1.0803905e-02
  1.0290896e+03  -4.1607007e+00   1.1326822e-02  -4.1618722e+00   1.0906940e-02  -4.1618589e+00   1.0889896e-02
  1.1441258e+03  -4.1603525e+00   1.1415939e-02  -4.1614534e+00   1.1004590e-02  -4.1614520e+00   1.0991277e-02
  1.2720213e+03  -4.1599203e+00   1.1511396e-02  -4.1609867e+00   1.1110245e-02  -4.1609886e+00   1.1102374e-02
  1.4142136e+03  -4.1594294e+00   1.1612076e-02  -4.1604735e+00   1.1228827e-02  -4.1604650e+00   1.1227123e-02
  1.5723007e+03  -4.1588628e+00   1.1719892e-02  -4.1598602e+00   1.1374447e-02  -4.1598443e+00   1.1374876e-02
  1.7480594e+03  -4.1582593e+00   1.1813340e-02  -4.1591479e+00   1.1543174e-02  -4.1591393e+00   1.1540834e-02
  1.9434653e+03  -4.1576222e+00   1.1898786e-02  -4.1583193e+00   1.1745596e-02  -4.1583226e+00   1.1747970e-02
  2.1607146e+03  -4.1569024e+00   1.2019447e-02  -4.1573729e+00   1.1982833e-02  -4.1573767e+00   1.1987081e-02
  2.4022489e+03  -4.1559752e+00   1.2224171e-02  -4.1562852e+00   1.2259842e-02  -4.1562583e+00   1.2266658e-02
  2.6707830e+03  -4.1547083e+00   1.2588462e-02  -4.1549507e+00   1.2616926e-02  -4.1549192e+00   1.2622870e-02
  2.9693350e+03  -4.1532117e+00   1.3052415e-02  -4.1533964e+00   1.3025693e-02  -4.1533821e+00   1.3031906e-02
  3.3012605e+03  -4.1514380e+00   1.3603923e-02  -4.1515626e+00   1.3525280e-02  -4.1515463e+00   1.3534827e-02
  3.6702901e+03  -4.1493308e+00   1.4145142e-02  -4.1493672e+00   1.4100800e-02  -4.1493658e+00   1.4104244e-02
  4.0805715e+03  -4.1467721e+00   1.4727426e-02  -4.1466916e+00   1.4765568e-02  -4.1466722e+00   1.4774603e-02
  4.5367160e+03  -4.1436096e+00   1.5390103e-02  -4.1434756e+00   1.5479075e-02  -4.1434735e+00   1.5488715e-02
  5.0438504e+03  -4.1393336e+00   1.6404283e-02  -4.1391621e+00   1.6521391e-02  -4.1391474e+00   1.6528178e-02
  5.6076745e+03  -4.1339301e+00   1.7602589e-02  -4.1336149e+00   1.7786202e-02  -4.1335838e+00   1.7803573e-02
  6.2345254e+03  -4.1270176e+00   1.9086818e-02  -4.1263545e+00   1.9527574e-02  -4.1263507e+00   1.9529874e-02
  6.9314484e+03  -4.1175705e+00   2.1014287e-02  -4.1161969e+00   2.1978878e-02  -4.1161939e+00   2.1978686e-02
  7.7062767e+03  -4.1043927e+00   2.3218447e-02  -4.1024529e+00   2.4648086e-02  -4.1024281e+00   2.4663033e-02
  8.5677186e+03  -4.0843311e+00   2.6509428e-02  -4.0829162e+00   2.7514666e-02  -4.0828969e+00   2.7525682e-02
  9.5254565e+03  -4.0563438e+00   3.0325892e-02  -4.0561744e+00   3.0421224e-02  -4.0561476e+00   3.0437774e-02
  1.0590254e+04  -4.0246677e+00   3.5624630e-02  -4.0254004e+00   3.5306087e-02  -4.0253473e+00   3.5328603e-02
  1.1774080e+04  -4.0212195e+00   4.4564722e-02  -4.0201132e+00   4.5015106e-02  -4.0200708e+00   4.5031727e-02
  1.3090240e+04  -4.0295192e+00   4.4781893e-02  -4.0270727e+00   4.5798247e-02  -4.0270433e+00   4.5810184e-02
  1.4553525e+04  -4.0295372e+00   4.4162140e-02  -4.0272789e+00   4.5067594e-02  -4.0272669e+00   4.5072235e-02
  1.6180383e+04  -4.0271012e+00   4.5146374e-02  -4.0268443e+00   4.5225686e-02  -4.0267805e+00   4.5249310e-02
  1.7989098e+04  -4.0254330e+00   4.5724024e-02  -4.0264439e+00   4.5368792e-02  -4.0264307e+00   4.5373124e-02
