  1.0000000e+02   2.0957008e-10   1.7897732e-12   2.0973242e-10   1.7916207e-12   2.0974774e-10   1.7941720e-12
  1.1117845e+02   2.0956858e-10   1.7893902e-12   2.0973090e-10   1.7913298e-12   2.0974625e-10   1.7938277e-12
  1.2360647e+02   2.0951886e-10   1.7767366e-12   2.0966834e-10   1.7888413e-12   2.0968177e-10   1.7918128e-12
  1.3742375e+02   2.0951145e-10   1.7748070e-12   2.0965965e-10   1.7881206e-12   2.0967315e-10   1.7910128e-12
  1.5278559e+02   2.0950704e-10   1.7736850e-12   2.0965480e-10   1.7874423e-12   2.0966831e-10   1.7903044e-12
  1.6986465e+02   2.0952535e-10   1.7812207e-12   2.0966909e-10   1.7925953e-12   2.0968281e-10   1.7937848e-12
  1.8885287e+02   2.0952782e-10   1.7826317e-12   2.0966993e-10   1.7934607e-12   2.0968377e-10   1.7941074e-12
  2.0996369e+02   2.0953747e-10   1.7848205e-12   2.0967416e-10   1.7965763e-12   2.0968879e-10   1.7965756e-12
  2.3343437e+02   2.0955003e-10   1.7871997e-12   2.0967923e-10   1.8004690e-12   2.0969492e-10   1.7997657e-12
  2.5952870e+02   2.0955042e-10   1.7867777e-12   2.0967056e-10   1.8026233e-12   2.0968599e-10   1.8014377e-12
  2.8853998e+02   2.0954579e-10   1.7851719e-12   2.0965495e-10   1.8044159e-12   2.0966959e-10   1.8027528e-12
  3.2079427e+02   2.0955539e-10   1.7858609e-12   2.0964719e-10   1.8068644e-12   2.0966027e-10   1.8048262e-12
  3.5665408e+02   2.0956597e-10   1.7871990e-12   2.0963783e-10   1.8084841e-12   2.0964913e-10   1.8064757e-12
  3.9652247e+02   2.0957524e-10   1.7887838e-12   2.0962366e-10   1.8091244e-12   2.0963321e-10   1.8071521e-12
  4.4084752e+02   2.0958339e-10   1.7911632e-12   2.0960556e-10   1.8084145e-12   2.0961336e-10   1.8065384e-12
  4.9012742e+02   2.0959329e-10   1.7949706e-12   2.0959078e-10   1.8064492e-12   2.0959622e-10   1.8051698e-12
  5.4491605e+02   2.0959933e-10   1.7989816e-12   2.0957502e-10   1.8026511e-12   2.0957830e-10   1.8017227e-12
  6.0582920e+02   2.0961047e-10   1.8027298e-12   2.0955901e-10   1.7969513e-12   2.0956079e-10   1.7960467e-12
  6.7355149e+02   2.0961793e-10   1.8060049e-12   2.0954560e-10   1.7894458e-12   2.0954653e-10   1.7882641e-12
  7.4884408e+02   2.0961860e-10   1.8064628e-12   2.0953157e-10   1.7807489e-12   2.0953247e-10   1.7786448e-12
  8.3255321e+02   2.0961742e-10   1.8026807e-12   2.0951732e-10   1.7707714e-12   2.0951862e-10   1.7679128e-12
  9.2561972e+02   2.0961319e-10   1.7960944e-12   2.0950108e-10   1.7617358e-12   2.0950399e-10   1.7582180e-12
  1.0290896e+03   2.0960055e-10   1.7843323e-12   2.0948410e-10   1.7530592e-12   2.0948808e-10   1.7491384e-12
  1.1441258e+03   2.0958256e-10   1.7694373e-12   2.0946630e-10   1.7442517e-12   2.0946954e-10   1.7402451e-12
  1.2720213e+03   2.0956704e-10   1.7528114e-12   2.0944571e-10   1.7349439e-12   2.0944696e-10   1.7315005e-12
  1.4142136e+03   2.0954311e-10   1.7402487e-12   2.0941974e-10   1.7253922e-12   2.0942061e-10   1.7213280e-12
  1.5723007e+03   2.0951273e-10   1.7311331e-12   2.0939013e-10   1.7145522e-12   2.0939290e-10   1.7089385e-12
  1.7480594e+03   2.0946070e-10   1.7261251e-12   2.0935150e-10   1.7033523e-12   2.0935466e-10   1.6964417e-12
  1.9434653e+03   2.0938425e-10   1.7212621e-12   2.0930393e-10   1.6894154e-12   2.0930633e-10   1.6817000e-12
  2.1607146e+03   2.0928775e-10   1.7109176e-12   2.0924544e-10   1.6724045e-12   2.0924863e-10   1.6642266e-12
  2.4022489e+03   2.0918086e-10   1.6942741e-12   2.0917587e-10   1.6520491e-12   2.0917994e-10   1.6443063e-12
  2.6707830e+03   2.0907256e-10   1.6714149e-12   2.0909655e-10   1.6295270e-12   2.0909946e-10   1.6223069e-12
  2.9693350e+03   2.0895689e-10   1.6388815e-12   2.0899389e-10   1.6053255e-12   2.0899566e-10   1.5991346e-12
  3.3012605e+03   2.0883420e-10   1.5977800e-12   2.0887328e-10   1.5762835e-12   2.0887597e-10   1.5694544e-12
  3.6702901e+03   2.0868982e-10   1.5541579e-12   2.0872911e-10   1.5429673e-12   2.0873283e-10   1.5360481e-12
  4.0805715e+03   2.0851210e-10   1.5101518e-12   2.0855817e-10   1.5026511e-12   2.0856145e-10   1.4960419e-12
  4.5367160e+03   2.0830151e-10   1.4610721e-12   2.0834727e-10   1.4590084e-12   2.0835080e-10   1.4521228e-12
  5.0438504e+03   2.0807604e-10   1.4013875e-12   2.0811415e-10   1.4053687e-12   2.0811868e-10   1.3985944e-12
  5.6076745e+03   2.0779024e-10   1.3436153e-12   2.0782239e-10   1.3566203e-12   2.0782472e-10   1.3510955e-12
  6.2345254e+03   2.0743923e-10   1.2775783e-12   2.0747875e-10   1.3000445e-12   2.0748095e-10   1.2937687e-12
  6.9314484e+03   2.0701697e-10   1.2071425e-12   2.0705997e-10   1.2477878e-12   2.0706247e-10   1.2420698e-12
  7.7062767e+03   2.0647484e-10   1.1544797e-12   2.0651808e-10   1.2036210e-12   2.0652027e-10   1.1981062e-12
  8.5677186e+03   2.0579604e-10   1.1262009e-12   2.0582034e-10   1.1709169e-12   2.0582102e-10   1.1649430e-12
  9.5254565e+03   2.0490163e-10   1.1292229e-12   2.0488778e-10   1.1497251e-12   2.0488719e-10   1.1441259e-12
  1.0590254e+04   2.0363770e-10   1.1785121e-12   2.0358235e-10   1.1684413e-12   2.0357998e-10   1.1631693e-12
  1.1774080e+04   2.0176533e-10   1.3093117e-12   2.0167378e-10   1.2847671e-12   2.0166863e-10   1.2806542e-12
  1.3090240e+04   1.9892059e-10   1.5867475e-12   1.9883997e-10   1.5486972e-12   1.9883190e-10   1.5460709e-12
  1.4553525e+04   1.9499388e-10   1.9614825e-12   1.9494383e-10   1.9045773e-12   1.9493127e-10   1.9009539e-12
  1.6180383e+04   1.9125192e-10   2.5893118e-12   1.9126350e-10   2.5781821e-12   1.9124956e-10   2.5714988e-12
  1.7989098e+04   1.9138295e-10   4.0062868e-12   1.9141036e-10   3.9914310e-12   1.9138482e-10   3.9848186e-12
