  1.0000000e+02  -2.6035944e+00   2.4771707e-02  -2.6052582e+00   2.6299556e-02  -2.6049251e+00   2.6276415e-02
  1.1117845e+02  -2.6035634e+00   2.4771427e-02  -2.6052266e+00   2.6301305e-02  -2.6048938e+00   2.6277453e-02
  1.2360647e+02  -2.6034880e+00   2.4424495e-02  -2.6049305e+00   2.6060287e-02  -2.6046236e+00   2.6052056e-02
  1.3742375e+02  -2.6034219e+00   2.4377843e-02  -2.6048424e+00   2.6030276e-02  -2.6045433e+00   2.6023276e-02
  1.5278559e+02  -2.6033697e+00   2.4359835e-02  -2.6047826e+00   2.6018825e-02  -2.6044861e+00   2.6012271e-02
  1.6986465e+02  -2.6033847e+00   2.4481892e-02  -2.6046830e+00   2.6142962e-02  -2.6044176e+00   2.6117294e-02
  1.8885287e+02  -2.6033369e+00   2.4508043e-02  -2.6045991e+00   2.6172046e-02  -2.6043453e+00   2.6140803e-02
  2.0996369e+02  -2.6032811e+00   2.4534760e-02  -2.6044215e+00   2.6233158e-02  -2.6041844e+00   2.6189408e-02
  2.3343437e+02  -2.6032155e+00   2.4562005e-02  -2.6041992e+00   2.6305535e-02  -2.6039811e+00   2.6246782e-02
  2.5952870e+02  -2.6031460e+00   2.4537790e-02  -2.6039735e+00   2.6318156e-02  -2.6037795e+00   2.6252086e-02
  2.8853998e+02  -2.6030710e+00   2.4489418e-02  -2.6037181e+00   2.6306698e-02  -2.6035554e+00   2.6235821e-02
  3.2079427e+02  -2.6030173e+00   2.4520074e-02  -2.6033917e+00   2.6330863e-02  -2.6032630e+00   2.6254533e-02
  3.5665408e+02  -2.6029388e+00   2.4575857e-02  -2.6030536e+00   2.6343890e-02  -2.6029630e+00   2.6268838e-02
  3.9652247e+02  -2.6028433e+00   2.4651548e-02  -2.6026966e+00   2.6332037e-02  -2.6026419e+00   2.6261578e-02
  4.4084752e+02  -2.6027349e+00   2.4766518e-02  -2.6023246e+00   2.6295669e-02  -2.6022938e+00   2.6231730e-02
  4.9012742e+02  -2.6026056e+00   2.4931319e-02  -2.6019539e+00   2.6264116e-02  -2.6019342e+00   2.6208732e-02
  5.4491605e+02  -2.6024513e+00   2.5101915e-02  -2.6015941e+00   2.6215035e-02  -2.6015728e+00   2.6163898e-02
  6.0582920e+02  -2.6022578e+00   2.5303248e-02  -2.6012188e+00   2.6142356e-02  -2.6011966e+00   2.6096710e-02
  6.7355149e+02  -2.6020326e+00   2.5511663e-02  -2.6008664e+00   2.6066309e-02  -2.6008307e+00   2.6021812e-02
  7.4884408e+02  -2.6017932e+00   2.5675314e-02  -2.6005285e+00   2.5979211e-02  -2.6004867e+00   2.5934498e-02
  8.3255321e+02  -2.6014830e+00   2.5775851e-02  -2.6001865e+00   2.5873386e-02  -2.6001472e+00   2.5834485e-02
  9.2561972e+02  -2.6011509e+00   2.5852426e-02  -2.5998513e+00   2.5793358e-02  -2.5998186e+00   2.5761386e-02
  1.0290896e+03  -2.6007112e+00   2.5821222e-02  -2.5995126e+00   2.5718959e-02  -2.5994694e+00   2.5688192e-02
  1.1441258e+03  -2.6002283e+00   2.5738266e-02  -2.5991486e+00   2.5654147e-02  -2.5990826e+00   2.5613859e-02
  1.2720213e+03  -2.5996969e+00   2.5664891e-02  -2.5987373e+00   2.5591231e-02  -2.5986491e+00   2.5543492e-02
  1.4142136e+03  -2.5991930e+00   2.5633060e-02  -2.5982672e+00   2.5520480e-02  -2.5981646e+00   2.5467029e-02
  1.5723007e+03  -2.5986368e+00   2.5631597e-02  -2.5976873e+00   2.5445728e-02  -2.5975889e+00   2.5385520e-02
  1.7480594e+03  -2.5979312e+00   2.5603578e-02  -2.5969858e+00   2.5374771e-02  -2.5968851e+00   2.5296767e-02
  1.9434653e+03  -2.5969659e+00   2.5497960e-02  -2.5961485e+00   2.5286410e-02  -2.5960148e+00   2.5185128e-02
  2.1607146e+03  -2.5957217e+00   2.5295300e-02  -2.5951553e+00   2.5167872e-02  -2.5949948e+00   2.5057211e-02
  2.4022489e+03  -2.5942988e+00   2.5052275e-02  -2.5939423e+00   2.5015527e-02  -2.5938047e+00   2.4925916e-02
  2.6707830e+03  -2.5927207e+00   2.4839946e-02  -2.5924912e+00   2.4885140e-02  -2.5923625e+00   2.4799698e-02
  2.9693350e+03  -2.5909301e+00   2.4577909e-02  -2.5907720e+00   2.4726878e-02  -2.5906434e+00   2.4637779e-02
  3.3012605e+03  -2.5888986e+00   2.4319205e-02  -2.5887518e+00   2.4549058e-02  -2.5886281e+00   2.4461349e-02
  3.6702901e+03  -2.5864975e+00   2.4086890e-02  -2.5863680e+00   2.4364324e-02  -2.5862513e+00   2.4275821e-02
  4.0805715e+03  -2.5835762e+00   2.3844222e-02  -2.5834855e+00   2.4136019e-02  -2.5833819e+00   2.4062265e-02
  4.5367160e+03  -2.5801809e+00   2.3580809e-02  -2.5801658e+00   2.3883880e-02  -2.5800622e+00   2.3819683e-02
  5.0438504e+03  -2.5760138e+00   2.3514522e-02  -2.5760035e+00   2.3761636e-02  -2.5758890e+00   2.3711652e-02
  5.6076745e+03  -2.5711993e+00   2.3499085e-02  -2.5711035e+00   2.3713573e-02  -2.5709854e+00   2.3667142e-02
  6.2345254e+03  -2.5653280e+00   2.3526392e-02  -2.5653026e+00   2.3840935e-02  -2.5651760e+00   2.3786070e-02
  6.9314484e+03  -2.5580367e+00   2.3800620e-02  -2.5580958e+00   2.4244492e-02  -2.5579908e+00   2.4208448e-02
  7.7062767e+03  -2.5491193e+00   2.4356713e-02  -2.5490911e+00   2.4862632e-02  -2.5489828e+00   2.4823813e-02
  8.5677186e+03  -2.5379380e+00   2.5762665e-02  -2.5375956e+00   2.6062975e-02  -2.5374417e+00   2.6022554e-02
  9.5254565e+03  -2.5232056e+00   2.8269550e-02  -2.5220571e+00   2.8089273e-02  -2.5218863e+00   2.8057463e-02
  1.0590254e+04  -2.5028171e+00   3.1828743e-02  -2.5003519e+00   3.1287523e-02  -2.5001672e+00   3.1253923e-02
  1.1774080e+04  -2.4718371e+00   3.7045876e-02  -2.4682988e+00   3.6240125e-02  -2.4680842e+00   3.6200749e-02
  1.3090240e+04  -2.4223167e+00   4.4384584e-02  -2.4197671e+00   4.3171835e-02  -2.4195014e+00   4.3130045e-02
  1.4553525e+04  -2.3507137e+00   5.2733276e-02  -2.3493390e+00   5.1259735e-02  -2.3489864e+00   5.1172914e-02
  1.6180383e+04  -2.2719288e+00   6.4989347e-02  -2.2721340e+00   6.4532324e-02  -2.2717838e+00   6.4369076e-02
  1.7989098e+04  -2.2698089e+00   9.7693185e-02  -2.2704630e+00   9.7299442e-02  -2.2698424e+00   9.7141109e-02
