  1.0000000e+02   2.0963927e-10   1.7740169e-12   2.0980117e-10   1.8035533e-12   2.0980407e-10   1.7976171e-12
  1.1117845e+02   2.0963780e-10   1.7736058e-12   2.0979966e-10   1.8032605e-12   2.0980261e-10   1.7972705e-12
  1.2360647e+02   2.0957997e-10   1.7626272e-12   2.0973515e-10   1.8002915e-12   2.0973514e-10   1.7955203e-12
  1.3742375e+02   2.0957212e-10   1.7608120e-12   2.0972645e-10   1.7994851e-12   2.0972637e-10   1.7947165e-12
  1.5278559e+02   2.0956753e-10   1.7597357e-12   2.0972157e-10   1.7987868e-12   2.0972146e-10   1.7940143e-12
  1.6986465e+02   2.0957696e-10   1.7633591e-12   2.0973457e-10   1.8019584e-12   2.0973410e-10   1.7963322e-12
  1.8885287e+02   2.0957696e-10   1.7636649e-12   2.0973509e-10   1.8022426e-12   2.0973455e-10   1.7963195e-12
  2.0996369e+02   2.0958452e-10   1.7643384e-12   2.0973991e-10   1.8043856e-12   2.0974084e-10   1.7981552e-12
  2.3343437e+02   2.0959509e-10   1.7650202e-12   2.0974578e-10   1.8070849e-12   2.0974875e-10   1.8005304e-12
  2.5952870e+02   2.0959268e-10   1.7638174e-12   2.0973717e-10   1.8081575e-12   2.0974008e-10   1.8016633e-12
  2.8853998e+02   2.0958456e-10   1.7617272e-12   2.0972150e-10   1.8087367e-12   2.0972349e-10   1.8024653e-12
  3.2079427e+02   2.0958929e-10   1.7619442e-12   2.0971260e-10   1.8086557e-12   2.0971334e-10   1.8031604e-12
  3.5665408e+02   2.0959488e-10   1.7635459e-12   2.0970161e-10   1.8078980e-12   2.0970074e-10   1.8034628e-12
  3.9652247e+02   2.0959907e-10   1.7662183e-12   2.0968474e-10   1.8060594e-12   2.0968214e-10   1.8026822e-12
  4.4084752e+02   2.0960257e-10   1.7706669e-12   2.0966235e-10   1.8025819e-12   2.0965812e-10   1.8003016e-12
  4.9012742e+02   2.0960814e-10   1.7775782e-12   2.0964129e-10   1.7979456e-12   2.0963525e-10   1.7970649e-12
  5.4491605e+02   2.0961083e-10   1.7855077e-12   2.0961798e-10   1.7917842e-12   2.0961026e-10   1.7918590e-12
  6.0582920e+02   2.0961711e-10   1.7932823e-12   2.0959229e-10   1.7838331e-12   2.0958355e-10   1.7844515e-12
  6.7355149e+02   2.0962147e-10   1.8011250e-12   2.0956901e-10   1.7752216e-12   2.0956068e-10   1.7754661e-12
  7.4884408e+02   2.0961752e-10   1.8054625e-12   2.0954384e-10   1.7659406e-12   2.0953669e-10   1.7652308e-12
  8.3255321e+02   2.0961224e-10   1.8052578e-12   2.0952179e-10   1.7562321e-12   2.0951654e-10   1.7542125e-12
  9.2561972e+02   2.0960154e-10   1.8014674e-12   2.0949827e-10   1.7475913e-12   2.0949553e-10   1.7443875e-12
  1.0290896e+03   2.0958259e-10   1.7922135e-12   2.0947759e-10   1.7395758e-12   2.0947677e-10   1.7355118e-12
  1.1441258e+03   2.0955863e-10   1.7790804e-12   2.0945711e-10   1.7315926e-12   2.0945683e-10   1.7271475e-12
  1.2720213e+03   2.0953724e-10   1.7632967e-12   2.0943382e-10   1.7234579e-12   2.0943345e-10   1.7189622e-12
  1.4142136e+03   2.0951128e-10   1.7504500e-12   2.0940678e-10   1.7151106e-12   2.0940725e-10   1.7095146e-12
  1.5723007e+03   2.0948108e-10   1.7405495e-12   2.0937622e-10   1.7050991e-12   2.0937826e-10   1.6979135e-12
  1.7480594e+03   2.0943299e-10   1.7340516e-12   2.0933937e-10   1.6937994e-12   2.0934208e-10   1.6852868e-12
  1.9434653e+03   2.0936123e-10   1.7273854e-12   2.0929371e-10   1.6799714e-12   2.0929670e-10   1.6706038e-12
  2.1607146e+03   2.0927026e-10   1.7157696e-12   2.0923785e-10   1.6631894e-12   2.0924143e-10   1.6535587e-12
  2.4022489e+03   2.0917160e-10   1.6979333e-12   2.0917261e-10   1.6431124e-12   2.0917604e-10   1.6335479e-12
  2.6707830e+03   2.0907158e-10   1.6729833e-12   2.0909655e-10   1.6207629e-12   2.0909919e-10   1.6113655e-12
  2.9693350e+03   2.0896506e-10   1.6377526e-12   2.0899859e-10   1.5959252e-12   2.0900092e-10   1.5876818e-12
  3.3012605e+03   2.0885014e-10   1.5950466e-12   2.0888229e-10   1.5664803e-12   2.0888566e-10   1.5579957e-12
  3.6702901e+03   2.0871151e-10   1.5496680e-12   2.0874301e-10   1.5330895e-12   2.0874655e-10   1.5243565e-12
  4.0805715e+03   2.0853752e-10   1.5037706e-12   2.0857595e-10   1.4928607e-12   2.0857911e-10   1.4847576e-12
  4.5367160e+03   2.0832857e-10   1.4546924e-12   2.0836803e-10   1.4494208e-12   2.0837081e-10   1.4414757e-12
  5.0438504e+03   2.0810522e-10   1.3936684e-12   2.0813839e-10   1.3954612e-12   2.0814201e-10   1.3876009e-12
  5.6076745e+03   2.0782025e-10   1.3345810e-12   2.0784825e-10   1.3462469e-12   2.0784984e-10   1.3395255e-12
  6.2345254e+03   2.0746925e-10   1.2688265e-12   2.0750579e-10   1.2901969e-12   2.0750750e-10   1.2830781e-12
  6.9314484e+03   2.0704315e-10   1.1997693e-12   2.0708506e-10   1.2395197e-12   2.0708674e-10   1.2325727e-12
  7.7062767e+03   2.0650042e-10   1.1480061e-12   2.0654303e-10   1.1960123e-12   2.0654450e-10   1.1894731e-12
  8.5677186e+03   2.0581860e-10   1.1213441e-12   2.0584356e-10   1.1647580e-12   2.0584375e-10   1.1578952e-12
  9.5254565e+03   2.0492022e-10   1.1264007e-12   2.0490934e-10   1.1465213e-12   2.0490810e-10   1.1400979e-12
  1.0590254e+04   2.0365242e-10   1.1783308e-12   2.0360304e-10   1.1699915e-12   2.0359994e-10   1.1639535e-12
  1.1774080e+04   2.0177832e-10   1.3135438e-12   2.0169545e-10   1.2942161e-12   2.0168967e-10   1.2895681e-12
  1.3090240e+04   1.9893128e-10   1.5931471e-12   1.9886334e-10   1.5652131e-12   1.9885448e-10   1.5622000e-12
  1.4553525e+04   1.9500030e-10   1.9661274e-12   1.9496572e-10   1.9239908e-12   1.9495290e-10   1.9202804e-12
  1.6180383e+04   1.9129562e-10   2.6142657e-12   1.9132702e-10   2.6180234e-12   1.9131180e-10   2.6110289e-12
  1.7989098e+04   1.9138719e-10   4.0212107e-12   1.9144242e-10   4.0195977e-12   1.9141574e-10   4.0126011e-12
