  1.0000000e+02   7.3305411e+18   1.1732956e+15   7.3300114e+18   1.9687558e+16   7.3300569e+18   1.8833682e+16
  1.1117845e+02   7.3309940e+18   1.3565234e+15   7.3302841e+18   2.2793427e+16   7.3303449e+18   2.1809216e+16
  1.2360647e+02   7.3315366e+18   3.8443210e+15   7.3262323e+18   6.2203496e+16   7.3266085e+18   5.9993237e+16
  1.3742375e+02   7.3322074e+18   5.5447503e+15   7.3212678e+18   8.9020877e+16   7.3220203e+18   8.5978161e+16
  1.5278559e+02   7.3330394e+18   6.9552755e+15   7.3159206e+18   1.1093362e+17   7.3170707e+18   1.0726372e+17
  1.6986465e+02   7.3339492e+18   1.2461466e+16   7.2841982e+18   1.8480780e+17   7.2871372e+18   1.7971979e+17
  1.8885287e+02   7.3350415e+18   1.7629729e+16   7.2426557e+18   2.4402109e+17   7.2476324e+18   2.3837448e+17
  2.0996369e+02   7.3362983e+18   2.3877569e+16   7.1874143e+18   2.9602773e+17   7.1945902e+18   2.9070102e+17
  2.3343437e+02   7.3376515e+18   3.2170342e+16   7.1129017e+18   3.3962903e+17   7.1221833e+18   3.3572615e+17
  2.5952870e+02   7.3393382e+18   4.0014650e+16   7.0531227e+18   3.6010980e+17   7.0626597e+18   3.5799536e+17
  2.8853998e+02   7.3414239e+18   4.7993138e+16   7.0045920e+18   3.6906521e+17   7.0131811e+18   3.6843678e+17
  3.2079427e+02   7.3435290e+18   5.9278428e+16   6.9548332e+18   3.7104531e+17   6.9617314e+18   3.7158994e+17
  3.5665408e+02   7.3457586e+18   7.2693237e+16   6.9105499e+18   3.6707044e+17   6.9157474e+18   3.6824269e+17
  3.9652247e+02   7.3476455e+18   9.0037647e+16   6.8694776e+18   3.5834261e+17   6.8729941e+18   3.5969542e+17
  4.4084752e+02   7.3481568e+18   1.1360452e+17   6.8302944e+18   3.4500003e+17   6.8322050e+18   3.4612574e+17
  4.9012742e+02   7.3461002e+18   1.4393086e+17   6.7970265e+18   3.2931949e+17   6.7978258e+18   3.3005525e+17
  5.4491605e+02   7.3392198e+18   1.8227672e+17   6.7692414e+18   3.1279098e+17   6.7692183e+18   3.1298586e+17
  6.0582920e+02   7.3230902e+18   2.3050163e+17   6.7449926e+18   2.9505458e+17   6.7443870e+18   2.9465465e+17
  6.7355149e+02   7.2903712e+18   2.8899296e+17   6.7240332e+18   2.7688729e+17   6.7233737e+18   2.7619875e+17
  7.4884408e+02   7.2426883e+18   3.4589022e+17   6.7087526e+18   2.6153670e+17   6.7082820e+18   2.6084483e+17
  8.3255321e+02   7.1723324e+18   3.9780045e+17   6.6954445e+18   2.4622340e+17   6.6951315e+18   2.4557010e+17
  9.2561972e+02   7.0791334e+18   4.3288301e+17   6.6830751e+18   2.2937166e+17   6.6828149e+18   2.2870661e+17
  1.0290896e+03   6.9704485e+18   4.3863695e+17   6.6715189e+18   2.1019376e+17   6.6711839e+18   2.0941282e+17
  1.1441258e+03   6.8630318e+18   4.0914293e+17   6.6611221e+18   1.8840279e+17   6.6606404e+18   1.8726862e+17
  1.2720213e+03   6.7721561e+18   3.4899582e+17   6.6524062e+18   1.6426715e+17   6.6518996e+18   1.6282720e+17
  1.4142136e+03   6.7088401e+18   2.7380537e+17   6.6460322e+18   1.3915880e+17   6.6457118e+18   1.3778489e+17
  1.5723007e+03   6.6725510e+18   2.0041690e+17   6.6426872e+18   1.1538057e+17   6.6425521e+18   1.1428384e+17
  1.7480594e+03   6.6556120e+18   1.3971985e+17   6.6421503e+18   9.4912651e+16   6.6420784e+18   9.4137977e+16
  1.9434653e+03   6.6503896e+18   9.8960898e+16   6.6441409e+18   8.0488629e+16   6.6440743e+18   8.0061789e+16
  2.1607146e+03   6.6510713e+18   7.8213946e+16   6.6479963e+18   7.2861826e+16   6.6479598e+18   7.2677217e+16
  2.4022489e+03   6.6549526e+18   7.1408106e+16   6.6532333e+18   7.0542783e+16   6.6533786e+18   7.0528052e+16
  2.6707830e+03   6.6613277e+18   7.1380955e+16   6.6600405e+18   7.1349388e+16   6.6602133e+18   7.1378253e+16
  2.9693350e+03   6.6690461e+18   7.3542459e+16   6.6680387e+18   7.3335359e+16   6.6681195e+18   7.3372198e+16
  3.3012605e+03   6.6782163e+18   7.6469678e+16   6.6774976e+18   7.5999536e+16   6.6775909e+18   7.6056684e+16
  3.6702901e+03   6.6890390e+18   7.9335452e+16   6.6888166e+18   7.9080686e+16   6.6888264e+18   7.9100170e+16
  4.0805715e+03   6.7021710e+18   8.2403891e+16   6.7026196e+18   8.2631156e+16   6.7027279e+18   8.2685050e+16
  4.5367160e+03   6.7184240e+18   8.5890497e+16   6.7191802e+18   8.6405124e+16   6.7191967e+18   8.6458387e+16
  5.0438504e+03   6.7405772e+18   9.1313867e+16   6.7415411e+18   9.1983263e+16   6.7416220e+18   9.2022939e+16
  5.6076745e+03   6.7685137e+18   9.7653652e+16   6.7702561e+18   9.8701610e+16   6.7704278e+18   9.8800903e+16
  6.2345254e+03   6.8042051e+18   1.0542777e+17   6.8078690e+18   1.0790268e+17   6.8078896e+18   1.0791562e+17
  6.9314484e+03   6.8530604e+18   1.1555794e+17   6.8606189e+18   1.2091151e+17   6.8606340e+18   1.2091099e+17
  7.7062767e+03   6.9213391e+18   1.2723531e+17   6.9319702e+18   1.3510463e+17   6.9321055e+18   1.3518739e+17
  8.5677186e+03   7.0260315e+18   1.4507389e+17   7.0337728e+18   1.5058390e+17   7.0338773e+18   1.5064492e+17
  9.5254565e+03   7.1732907e+18   1.6618790e+17   7.1742101e+18   1.6671549e+17   7.1743572e+18   1.6680609e+17
  1.0590254e+04   7.3426289e+18   1.9556649e+17   7.3385903e+18   1.9382804e+17   7.3388818e+18   1.9395165e+17
  1.1774080e+04   7.3629507e+18   2.4404183e+17   7.3690039e+18   2.4651119e+17   7.3692358e+18   2.4660233e+17
  1.3090240e+04   7.3184621e+18   2.4545666e+17   7.3318680e+18   2.5102904e+17   7.3320286e+18   2.5109482e+17
  1.4553525e+04   7.3182469e+18   2.4189034e+17   7.3306156e+18   2.4684897e+17   7.3306815e+18   2.4687448e+17
  1.6180383e+04   7.3315794e+18   2.4728725e+17   7.3329969e+18   2.4771413e+17   7.3333462e+18   2.4784384e+17
  1.7989098e+04   7.3407167e+18   2.5045062e+17   7.3351900e+18   2.4849812e+17   7.3352624e+18   2.4852169e+17
