  1.0000000e+02   5.5170624e+19   1.4957258e+18   5.5563052e+19   0.0000000e+00   5.5563052e+19   1.0995116e+12
  1.1117845e+02   5.5173433e+19   1.4925826e+18   5.5564034e+19   0.0000000e+00   5.5564034e+19   0.0000000e+00
  1.2360647e+02   5.5100510e+19   1.6174598e+18   5.5565159e+19   1.0995116e+12   5.5565159e+19   0.0000000e+00
  1.3742375e+02   5.5097310e+19   1.6247454e+18   5.5566435e+19   7.7747213e+11   5.5566435e+19   0.0000000e+00
  1.5278559e+02   5.5097176e+19   1.6274453e+18   5.5567888e+19   7.7747213e+11   5.5567888e+19   1.3466212e+12
  1.6986465e+02   5.5084280e+19   1.6504970e+18   5.5569555e+19   0.0000000e+00   5.5569555e+19   0.0000000e+00
  1.8885287e+02   5.5082770e+19   1.6560329e+18   5.5571466e+19   1.0995116e+12   5.5571466e+19   1.0995116e+12
  2.0996369e+02   5.5085954e+19   1.6547517e+18   5.5573656e+19   0.0000000e+00   5.5573656e+19   0.0000000e+00
  2.3343437e+02   5.5091380e+19   1.6505266e+18   5.5576171e+19   7.7747213e+11   5.5576171e+19   1.3466212e+12
  2.5952870e+02   5.5080723e+19   1.6717661e+18   5.5579060e+19   0.0000000e+00   5.5579060e+19   1.0995116e+12
  2.8853998e+02   5.5061791e+19   1.7057583e+18   5.5582397e+19   7.7747213e+11   5.5582397e+19   7.7747213e+11
  3.2079427e+02   5.5055985e+19   1.7205441e+18   5.5586253e+19   0.0000000e+00   5.5586253e+19   0.0000000e+00
  3.5665408e+02   5.5034991e+19   1.7579110e+18   5.5590699e+19   0.0000000e+00   5.5590699e+19   0.0000000e+00
  3.9652247e+02   5.5010699e+19   1.7997675e+18   5.5595827e+19   0.0000000e+00   5.5595827e+19   0.0000000e+00
  4.4084752e+02   5.4989318e+19   1.8375836e+18   5.5601743e+19   7.7747213e+11   5.5601743e+19   0.0000000e+00
  4.9012742e+02   5.4945371e+19   1.9044391e+18   5.5608553e+19   0.0000000e+00   5.5608553e+19   0.0000000e+00
  5.4491605e+02   5.4874034e+19   2.0014887e+18   5.5616360e+19   7.7747213e+11   5.5616360e+19   0.0000000e+00
  6.0582920e+02   5.4778333e+19   2.1186247e+18   5.5625279e+19   0.0000000e+00   5.5625279e+19   1.3466212e+12
  6.7355149e+02   5.4645618e+19   2.2611871e+18   5.5635398e+19   1.5549443e+12   5.5635398e+19   0.0000000e+00
  7.4884408e+02   5.4482387e+19   2.4131280e+18   5.5646775e+19   7.7747213e+11   5.5646775e+19   0.0000000e+00
  8.3255321e+02   5.4286520e+19   2.5680712e+18   5.5659433e+19   7.7747213e+11   5.5659433e+19   0.0000000e+00
  9.2561972e+02   5.4118869e+19   2.6839698e+18   5.5673322e+19   0.0000000e+00   5.5673322e+19   1.0995116e+12
  1.0290896e+03   5.3980589e+19   2.7702750e+18   5.5688319e+19   0.0000000e+00   5.5688319e+19   7.7747213e+11
  1.1441258e+03   5.3890917e+19   2.8252866e+18   5.5704229e+19   0.0000000e+00   5.5704229e+19   0.0000000e+00
  1.2720213e+03   5.3860424e+19   2.8509678e+18   5.5720814e+19   7.7747213e+11   5.5720814e+19   1.0995116e+12
  1.4142136e+03   5.3864130e+19   2.8614484e+18   5.5737874e+19   1.0995116e+12   5.5737874e+19   0.0000000e+00
  1.5723007e+03   5.3886237e+19   2.8640795e+18   5.5755366e+19   7.7747213e+11   5.5755366e+19   0.0000000e+00
  1.7480594e+03   5.3954094e+19   2.8463778e+18   5.5773597e+19   7.7747213e+11   5.5773597e+19   0.0000000e+00
  1.9434653e+03   5.4082283e+19   2.7984600e+18   5.5793396e+19   0.0000000e+00   5.5793396e+19   0.0000000e+00
  2.1607146e+03   5.4241365e+19   2.7295728e+18   5.5816197e+19   0.0000000e+00   5.5816197e+19   7.7747213e+11
  2.4022489e+03   5.4379563e+19   2.6687750e+18   5.5843955e+19   1.3466212e+12   5.5843955e+19   1.5549443e+12
  2.6707830e+03   5.4506546e+19   2.6153658e+18   5.5878865e+19   7.7747213e+11   5.5878865e+19   7.7747213e+11
  2.9693350e+03   5.4653978e+19   2.5501284e+18   5.5923014e+19   1.0995116e+12   5.5923014e+19   7.7747213e+11
  3.3012605e+03   5.4803756e+19   2.4868144e+18   5.5978171e+19   0.0000000e+00   5.5978171e+19   0.0000000e+00
  3.6702901e+03   5.4961887e+19   2.4226555e+18   5.6045953e+19   0.0000000e+00   5.6045953e+19   0.0000000e+00
  4.0805715e+03   5.5129533e+19   2.3587227e+18   5.6128320e+19   0.0000000e+00   5.6128320e+19   0.0000000e+00
  4.5367160e+03   5.5290301e+19   2.3155931e+18   5.6228084e+19   0.0000000e+00   5.6228084e+19   1.3466212e+12
  5.0438504e+03   5.5409335e+19   2.3389919e+18   5.6349187e+19   7.7747213e+11   5.6349187e+19   7.7747213e+11
  5.6076745e+03   5.5575465e+19   2.3448367e+18   5.6496665e+19   0.0000000e+00   5.6496665e+19   0.0000000e+00
  6.2345254e+03   5.5755799e+19   2.3748206e+18   5.6676289e+19   7.7747213e+11   5.6676289e+19   0.0000000e+00
  6.9314484e+03   5.5930585e+19   2.4591390e+18   5.6894224e+19   0.0000000e+00   5.6894224e+19   0.0000000e+00
  7.7062767e+03   5.6175023e+19   2.5246737e+18   5.7157338e+19   0.0000000e+00   5.7157338e+19   0.0000000e+00
  8.5677186e+03   5.6502740e+19   2.5681680e+18   5.7475691e+19   0.0000000e+00   5.7475691e+19   0.0000000e+00
  9.5254565e+03   5.6869453e+19   2.6623082e+18   5.7867756e+19   0.0000000e+00   5.7867756e+19   0.0000000e+00
  1.0590254e+04   5.7309262e+19   2.8105007e+18   5.8364779e+19   0.0000000e+00   5.8364779e+19   0.0000000e+00
  1.1774080e+04   5.7886217e+19   2.9896296e+18   5.9004959e+19   7.7747213e+11   5.9004959e+19   7.7747213e+11
  1.3090240e+04   5.8688901e+19   3.1337089e+18   5.9817854e+19   0.0000000e+00   5.9817854e+19   0.0000000e+00
  1.4553525e+04   5.9709034e+19   3.2845854e+18   6.0834069e+19   7.7747213e+11   6.0834069e+19   0.0000000e+00
  1.6180383e+04   6.0999903e+19   3.5055580e+18   6.2149334e+19   0.0000000e+00   6.2149334e+19   1.0995116e+12
  1.7989098e+04   6.2820662e+19   3.7095493e+18   6.3947027e+19   0.0000000e+00   6.3947027e+19   0.0000000e+00
