  1.0000000e+02   6.6194454e+18   5.9495273e+16   6.6064164e+18   6.0535359e+16   6.6060822e+18   6.0955115e+16
  1.1117845e+02   6.6196217e+18   5.9555678e+16   6.6065912e+18   6.0591471e+16   6.6062555e+18   6.1012807e+16
  1.2360647e+02   6.6176944e+18   5.8802165e+16   6.6048861e+18   5.9503272e+16   6.6047112e+18   5.9860270e+16
  1.3742375e+02   6.6177363e+18   5.8771048e+16   6.6049485e+18   5.9432830e+16   6.6047872e+18   5.9790533e+16
  1.5278559e+02   6.6179031e+18   5.8811988e+16   6.6051180e+18   5.9454258e+16   6.6049623e+18   5.9813009e+16
  1.6986465e+02   6.6189542e+18   5.9082328e+16   6.6058462e+18   5.9754520e+16   6.6055988e+18   6.0032753e+16
  1.8885287e+02   6.6194514e+18   5.9207368e+16   6.6062697e+18   5.9886542e+16   6.6059957e+18   6.0143940e+16
  2.0996369e+02   6.6204652e+18   5.9471578e+16   6.6070557e+18   6.0071671e+16   6.6067628e+18   6.0312639e+16
  2.3343437e+02   6.6216426e+18   5.9770942e+16   6.6080073e+18   6.0277918e+16   6.6076985e+18   6.0504237e+16
  2.5952870e+02   6.6221946e+18   5.9906054e+16   6.6084998e+18   6.0264442e+16   6.6081797e+18   6.0458011e+16
  2.8853998e+02   6.6225572e+18   5.9994294e+16   6.6088338e+18   6.0145209e+16   6.6085033e+18   6.0295043e+16
  3.2079427e+02   6.6233574e+18   6.0237977e+16   6.6096279e+18   6.0115634e+16   6.6093018e+18   6.0218856e+16
  3.5665408e+02   6.6241038e+18   6.0492351e+16   6.6104369e+18   6.0094994e+16   6.6101055e+18   6.0135990e+16
  3.9652247e+02   6.6246625e+18   6.0723386e+16   6.6111257e+18   5.9982741e+16   6.6108122e+18   5.9972814e+16
  4.4084752e+02   6.6250323e+18   6.0936433e+16   6.6117104e+18   5.9761152e+16   6.6114641e+18   5.9735755e+16
  4.9012742e+02   6.6253919e+18   6.1190192e+16   6.6124308e+18   5.9592354e+16   6.6122599e+18   5.9540957e+16
  5.4491605e+02   6.6256816e+18   6.1455978e+16   6.6131242e+18   5.9386619e+16   6.6130618e+18   5.9324675e+16
  6.0582920e+02   6.6261010e+18   6.1753582e+16   6.6138807e+18   5.9185718e+16   6.6139510e+18   5.9128429e+16
  6.7355149e+02   6.6261042e+18   6.1963026e+16   6.6146908e+18   5.9036936e+16   6.6148914e+18   5.8975627e+16
  7.4884408e+02   6.6263858e+18   6.2228899e+16   6.6156520e+18   5.8983711e+16   6.6159441e+18   5.8920471e+16
  8.3255321e+02   6.6268422e+18   6.2540650e+16   6.6168598e+18   5.9061288e+16   6.6171873e+18   5.8995306e+16
  9.2561972e+02   6.6274228e+18   6.2830220e+16   6.6182809e+18   5.9255664e+16   6.6185669e+18   5.9157472e+16
  1.0290896e+03   6.6283475e+18   6.3119428e+16   6.6200911e+18   5.9641934e+16   6.6202716e+18   5.9522861e+16
  1.1441258e+03   6.6297448e+18   6.3474988e+16   6.6221770e+18   6.0121188e+16   6.6222587e+18   6.0009676e+16
  1.2720213e+03   6.6316781e+18   6.3902179e+16   6.6245038e+18   6.0640307e+16   6.6245398e+18   6.0551540e+16
  1.4142136e+03   6.6341109e+18   6.4412645e+16   6.6271296e+18   6.1257014e+16   6.6271893e+18   6.1217284e+16
  1.5723007e+03   6.6370165e+18   6.4973293e+16   6.6301874e+18   6.2004608e+16   6.6302807e+18   6.2004995e+16
  1.7480594e+03   6.6401154e+18   6.5429252e+16   6.6338492e+18   6.2931965e+16   6.6339125e+18   6.2928957e+16
  1.9434653e+03   6.6432262e+18   6.5749170e+16   6.6380916e+18   6.4031417e+16   6.6381266e+18   6.4043716e+16
  2.1607146e+03   6.6466934e+18   6.6246460e+16   6.6429202e+18   6.5318264e+16   6.6429765e+18   6.5347579e+16
  2.4022489e+03   6.6512492e+18   6.7260247e+16   6.6485418e+18   6.6848063e+16   6.6487292e+18   6.6923631e+16
  2.6707830e+03   6.6575410e+18   6.9198485e+16   6.6554316e+18   6.8813569e+16   6.6556096e+18   6.8882258e+16
  2.9693350e+03   6.6650689e+18   7.1672940e+16   6.6634625e+18   7.1073141e+16   6.6635528e+18   7.1135255e+16
  3.3012605e+03   6.6740648e+18   7.4526566e+16   6.6728838e+18   7.3746692e+16   6.6730472e+18   7.3843699e+16
  3.6702901e+03   6.6848432e+18   7.7335420e+16   6.6842906e+18   7.6859996e+16   6.6843429e+18   7.6905895e+16
  4.0805715e+03   6.6980423e+18   8.0382171e+16   6.6981624e+18   8.0417899e+16   6.6983013e+18   8.0508078e+16
  4.5367160e+03   6.7141959e+18   8.3740421e+16   6.7146255e+18   8.4091790e+16   6.7147097e+18   8.4161913e+16
  5.0438504e+03   6.7364427e+18   8.9161131e+16   6.7371315e+18   8.9703424e+16   6.7372218e+18   8.9761010e+16
  5.6076745e+03   6.7639667e+18   9.5120796e+16   6.7654132e+18   9.6069921e+16   6.7656353e+18   9.6219434e+16
  6.2345254e+03   6.7996858e+18   1.0276159e+17   6.8029596e+18   1.0515523e+17   6.8030280e+18   1.0520137e+17
  6.9314484e+03   6.8481465e+18   1.1225646e+17   6.8550284e+18   1.1754366e+17   6.8551328e+18   1.1761057e+17
  7.7062767e+03   6.9159421e+18   1.2321060e+17   6.9256270e+18   1.3102106e+17   6.9258179e+18   1.3116388e+17
  8.5677186e+03   7.0193741e+18   1.4009407e+17   7.0263022e+18   1.4553229e+17   7.0264509e+18   1.4563604e+17
  9.5254565e+03   7.1650562e+18   1.6092243e+17   7.1652437e+18   1.6101474e+17   7.1654522e+18   1.6115832e+17
  1.0590254e+04   7.3310478e+18   1.9064229e+17   7.3262906e+18   1.8825186e+17   7.3265865e+18   1.8839936e+17
  1.1774080e+04   7.3444916e+18   2.3540057e+17   7.3493786e+18   2.3786690e+17   7.3496546e+18   2.3800197e+17
  1.3090240e+04   7.2994809e+18   2.3597593e+17   7.3116032e+18   2.4220794e+17   7.3119390e+18   2.4237157e+17
  1.4553525e+04   7.2995372e+18   2.3283349e+17   7.3107193e+18   2.3839918e+17   7.3109736e+18   2.3851899e+17
  1.6180383e+04   7.3122123e+18   2.3918953e+17   7.3128725e+18   2.3939199e+17   7.3132453e+18   2.3956501e+17
  1.7989098e+04   7.3208137e+18   2.4295933e+17   7.3148038e+18   2.4026775e+17   7.3149356e+18   2.4032631e+17
