  1.0000000e+02   1.7066470e-01   3.7273889e-05   1.7067176e-01   9.9914241e-04   1.7067077e-01   9.2610714e-04
  1.1117845e+02   1.7073059e-01   4.3026634e-05   1.7074005e-01   1.1558127e-03   1.7073872e-01   1.0714405e-03
  1.2360647e+02   1.7081212e-01   1.1594562e-04   1.7088276e-01   3.1586934e-03   1.7087352e-01   2.9451238e-03
  1.3742375e+02   1.7091288e-01   1.6632628e-04   1.7105923e-01   4.5444266e-03   1.7104034e-01   4.2417915e-03
  1.5278559e+02   1.7103741e-01   2.0773748e-04   1.7126712e-01   5.6906911e-03   1.7123782e-01   5.3164050e-03
  1.6986465e+02   1.7119174e-01   3.5299774e-04   1.7187134e-01   9.7698457e-03   1.7179148e-01   9.1812569e-03
  1.8885287e+02   1.7138259e-01   4.8979552e-04   1.7270554e-01   1.3595165e-02   1.7255477e-01   1.2804931e-02
  2.0996369e+02   1.7161865e-01   6.3860205e-04   1.7390448e-01   1.7800368e-02   1.7364259e-01   1.6766792e-02
  2.3343437e+02   1.7191081e-01   8.2172598e-04   1.7575221e-01   2.2931467e-02   1.7530989e-01   2.1607394e-02
  2.5952870e+02   1.7227156e-01   9.7874594e-04   1.7765770e-01   2.6978300e-02   1.7706120e-01   2.5498630e-02
  2.8853998e+02   1.7271706e-01   1.1205792e-03   1.7961099e-01   3.0319565e-02   1.7888895e-01   2.8767577e-02
  3.2079427e+02   1.7326809e-01   1.2994146e-03   1.8205700e-01   3.3944395e-02   1.8120825e-01   3.2370373e-02
  3.5665408e+02   1.7394904e-01   1.4923029e-03   1.8477663e-01   3.7316893e-02   1.8383160e-01   3.5784453e-02
  3.9652247e+02   1.7479104e-01   1.7248477e-03   1.8797204e-01   4.0702123e-02   1.8696397e-01   3.9273926e-02
  4.4084752e+02   1.7583264e-01   2.0189144e-03   1.9192057e-01   4.4311901e-02   1.9086756e-01   4.3024387e-02
  4.9012742e+02   1.7712007e-01   2.3521156e-03   1.9631555e-01   4.7596115e-02   1.9524442e-01   4.6461479e-02
  5.4491605e+02   1.7871107e-01   2.7298698e-03   2.0116842e-01   5.0503902e-02   2.0008221e-01   4.9505605e-02
  6.0582920e+02   1.8067633e-01   3.1474566e-03   2.0654752e-01   5.3021946e-02   2.0552240e-01   5.2208585e-02
  6.7355149e+02   1.8310259e-01   3.6036789e-03   2.1214385e-01   5.4851051e-02   2.1109831e-01   5.4129229e-02
  7.4884408e+02   1.8609566e-01   4.0824454e-03   2.1800886e-01   5.6015442e-02   2.1697875e-01   5.5395609e-02
  8.3255321e+02   1.8978929e-01   4.6567496e-03   2.2418039e-01   5.6493749e-02   2.2316319e-01   5.5960168e-02
  9.2561972e+02   1.9435076e-01   5.4122520e-03   2.3107583e-01   5.6403774e-02   2.3016752e-01   5.5997171e-02
  1.0290896e+03   1.9998373e-01   6.4533660e-03   2.3867558e-01   5.5571750e-02   2.3788575e-01   5.5277195e-02
  1.1441258e+03   2.0693471e-01   7.8403098e-03   2.4708477e-01   5.3858832e-02   2.4647995e-01   5.3678712e-02
  1.2720213e+03   2.1550617e-01   9.7032358e-03   2.5676347e-01   5.1161461e-02   2.5625519e-01   5.1052576e-02
  1.4142136e+03   2.2603133e-01   1.1997930e-02   2.6719671e-01   4.7088975e-02   2.6671240e-01   4.7025578e-02
  1.5723007e+03   2.3888581e-01   1.4937821e-02   2.7870197e-01   4.1438796e-02   2.7831688e-01   4.1425074e-02
  1.7480594e+03   2.5446918e-01   1.8933752e-02   2.9115312e-01   3.3891518e-02   2.9096392e-01   3.3906658e-02
  1.9434653e+03   2.7305732e-01   2.4619258e-02   3.0402498e-01   2.4194649e-02   3.0394212e-01   2.4213303e-02
  2.1607146e+03   2.9425634e-01   3.3411698e-02   3.1605990e-01   1.2529722e-02   3.1602897e-01   1.2542259e-02
  2.4022489e+03   3.1567129e-01   4.7654812e-02   3.2599573e-01   1.9343230e-04   3.2599602e-01   1.9362276e-04
  2.6707830e+03   3.3142537e-01   6.8675568e-02   3.3285774e-01   1.2199945e-02   3.3287027e-01   1.2211938e-02
  2.9693350e+03   3.3410287e-01   9.0928491e-02   3.3650249e-01   2.1115989e-02   3.3649867e-01   2.1110501e-02
  3.3012605e+03   3.2400223e-01   1.0307859e-01   3.3808688e-01   2.5152619e-02   3.3804107e-01   2.5051257e-02
  3.6702901e+03   3.1359270e-01   1.0126811e-01   3.3936115e-01   2.4053895e-02   3.3933549e-01   2.3961955e-02
  4.0805715e+03   3.1032961e-01   9.3297292e-02   3.4170868e-01   1.9186057e-02   3.4170601e-01   1.9169198e-02
  4.5367160e+03   3.1304995e-01   8.7047120e-02   3.4571602e-01   1.2819912e-02   3.4571144e-01   1.2762958e-02
  5.0438504e+03   3.1750933e-01   8.5913990e-02   3.5140134e-01   7.1031256e-03   3.5140021e-01   7.0723074e-03
  5.6076745e+03   3.2501738e-01   8.5903158e-02   3.5867609e-01   2.8792469e-03   3.5867582e-01   2.8600276e-03
  6.2345254e+03   3.3371370e-01   8.7522016e-02   3.6763758e-01   5.2683561e-09   3.6763758e-01   5.2683561e-09
  6.9314484e+03   3.4268920e-01   9.1415879e-02   3.7851145e-01   0.0000000e+00   3.7851145e-01   0.0000000e+00
  7.7062767e+03   3.5473775e-01   9.4763541e-02   3.9160888e-01   5.2683561e-09   3.9160888e-01   0.0000000e+00
  8.5677186e+03   3.7051255e-01   9.7435426e-02   4.0742599e-01   0.0000000e+00   4.0742599e-01   0.0000000e+00
  9.5254565e+03   3.8854967e-01   1.0222846e-01   4.2688294e-01   0.0000000e+00   4.2688294e-01   0.0000000e+00
  1.0590254e+04   4.1042128e-01   1.0939909e-01   4.5150740e-01   0.0000000e+00   4.5150740e-01   0.0000000e+00
  1.1774080e+04   4.3886933e-01   1.1813471e-01   4.8307620e-01   0.0000000e+00   4.8307620e-01   7.4505806e-09
  1.3090240e+04   4.7753587e-01   1.2574723e-01   5.2283768e-01   1.0536712e-08   5.2283768e-01   7.4505806e-09
  1.4553525e+04   5.2635095e-01   1.3376258e-01   5.7216723e-01   0.0000000e+00   5.7216723e-01   0.0000000e+00
  1.6180383e+04   5.8823026e-01   1.4482162e-01   6.3571557e-01   7.4505806e-09   6.3571557e-01   1.4901161e-08
  1.7989098e+04   6.7454783e-01   1.5524998e-01   7.2168783e-01   0.0000000e+00   7.2168783e-01   1.0536712e-08
