  1.0000000e+02   4.1063806e-10   7.0279142e-14   4.1066947e-10   1.1687219e-12   4.1066682e-10   1.1194637e-12
  1.1117845e+02   4.1061176e-10   8.1246399e-14   4.1065385e-10   1.3529721e-12   4.1065031e-10   1.2962093e-12
  1.2360647e+02   4.1058026e-10   2.2894225e-13   4.1089318e-10   3.6738962e-12   4.1087135e-10   3.5474194e-12
  1.3742375e+02   4.1054134e-10   3.2997001e-13   4.1118625e-10   5.2542716e-12   4.1114264e-10   5.0805342e-12
  1.5278559e+02   4.1049307e-10   4.1375531e-13   4.1150190e-10   6.5454186e-12   4.1143531e-10   6.3361827e-12
  1.6986465e+02   4.1044048e-10   7.4290265e-13   4.1337550e-10   1.0915727e-11   4.1320490e-10   1.0624824e-11
  1.8885287e+02   4.1037742e-10   1.0513304e-12   4.1582813e-10   1.4415101e-11   4.1553934e-10   1.4093219e-11
  2.0996369e+02   4.1030511e-10   1.4254842e-12   4.1909092e-10   1.7492484e-11   4.1867468e-10   1.7190530e-11
  2.3343437e+02   4.1022780e-10   1.9229337e-12   4.2349330e-10   2.0076743e-11   4.2295546e-10   1.9858923e-11
  2.5952870e+02   4.1013137e-10   2.3913750e-12   4.2701165e-10   2.1275738e-11   4.2646013e-10   2.1161905e-11
  2.8853998e+02   4.1001212e-10   2.8661190e-12   4.2985171e-10   2.1782273e-11   4.2935608e-10   2.1753531e-11
  3.2079427e+02   4.0989332e-10   3.5411137e-12   4.3276908e-10   2.1889000e-11   4.3237204e-10   2.1926654e-11
  3.5665408e+02   4.0976891e-10   4.3425747e-12   4.3536049e-10   2.1644947e-11   4.3505971e-10   2.1715466e-11
  3.9652247e+02   4.0966708e-10   5.3761907e-12   4.3775018e-10   2.1115542e-11   4.3754508e-10   2.1194024e-11
  4.4084752e+02   4.0964969e-10   6.7767795e-12   4.4001387e-10   2.0311118e-11   4.3990374e-10   2.0376488e-11
  4.9012742e+02   4.0978830e-10   8.5761072e-12   4.4193586e-10   1.9376860e-11   4.4188889e-10   1.9418479e-11
  5.4491605e+02   4.1021701e-10   1.0845535e-11   4.4352838e-10   1.8391540e-11   4.4353017e-10   1.8402182e-11
  6.0582920e+02   4.1119996e-10   1.3697572e-11   4.4491730e-10   1.7339191e-11   4.4495405e-10   1.7315918e-11
  6.7355149e+02   4.1316377e-10   1.7131757e-11   4.4610770e-10   1.6259810e-11   4.4614654e-10   1.6220038e-11
  7.4884408e+02   4.1601529e-10   2.0461539e-11   4.4698093e-10   1.5346300e-11   4.4700705e-10   1.5306454e-11
  8.3255321e+02   4.2020157e-10   2.3475413e-11   4.4773424e-10   1.4430061e-11   4.4774801e-10   1.4392364e-11
  9.2561972e+02   4.2571992e-10   2.5470893e-11   4.4843405e-10   1.3420460e-11   4.4843913e-10   1.3381865e-11
  1.0290896e+03   4.3211391e-10   2.5710858e-11   4.4908141e-10   1.2270032e-11   4.4908744e-10   1.2224976e-11
  1.1441258e+03   4.3839032e-10   2.3868612e-11   4.4964951e-10   1.0961570e-11   4.4966607e-10   1.0896894e-11
  1.2720213e+03   4.4364578e-10   2.0234148e-11   4.5010200e-10   9.5111025e-12   4.5012433e-10   9.4295287e-12
  1.4142136e+03   4.4723432e-10   1.5738321e-11   4.5040030e-10   7.9979591e-12   4.5041792e-10   7.9203268e-12
  1.5723007e+03   4.4920291e-10   1.1372988e-11   4.5051649e-10   6.5508003e-12   4.5052567e-10   6.4888865e-12
  1.7480594e+03   4.4998751e-10   7.7655355e-12   4.5045395e-10   5.2772129e-12   4.5045672e-10   5.2343074e-12
  1.9434653e+03   4.5004674e-10   5.3200327e-12   4.5023121e-10   4.3227020e-12   4.5023647e-10   4.2975382e-12
  2.1607146e+03   4.4975726e-10   4.0160139e-12   4.4987810e-10   3.7297303e-12   4.4988292e-10   3.7173255e-12
  2.4022489e+03   4.4930710e-10   3.4822278e-12   4.4941629e-10   3.4216008e-12   4.4941332e-10   3.4175555e-12
  2.6707830e+03   4.4876569e-10   3.2733972e-12   4.4885090e-10   3.2642653e-12   4.4884533e-10   3.2628465e-12
  2.9693350e+03   4.4812863e-10   3.1623092e-12   4.4816907e-10   3.1670236e-12   4.4816813e-10   3.1661609e-12
  3.3012605e+03   4.4736792e-10   3.0868960e-12   4.4736726e-10   3.0951356e-12   4.4736694e-10   3.0941037e-12
  3.6702901e+03   4.4641212e-10   3.0511380e-12   4.4640337e-10   3.0535942e-12   4.4640452e-10   3.0534611e-12
  4.0805715e+03   4.4524744e-10   3.0569732e-12   4.4523617e-10   3.0535563e-12   4.4523340e-10   3.0527208e-12
  4.5367160e+03   4.4382689e-10   3.1156970e-12   4.4381395e-10   3.1134753e-12   4.4381707e-10   3.1141044e-12
  5.0438504e+03   4.4203266e-10   3.2600080e-12   4.4201241e-10   3.2622597e-12   4.4200951e-10   3.2620047e-12
  5.6076745e+03   4.3972740e-10   3.5485728e-12   4.3966908e-10   3.5565285e-12   4.3966321e-10   3.5571904e-12
  6.2345254e+03   4.3675582e-10   4.0427322e-12   4.3662751e-10   4.0933688e-12   4.3662676e-10   4.0936172e-12
  6.9314484e+03   4.3276382e-10   4.7507714e-12   4.3246858e-10   4.9173772e-12   4.3246732e-10   4.9170214e-12
  7.7062767e+03   4.2731467e-10   5.5727676e-12   4.2685776e-10   5.8805178e-12   4.2685136e-10   5.8834450e-12
  8.5677186e+03   4.1953484e-10   6.5851603e-12   4.1918428e-10   6.8260365e-12   4.1917879e-10   6.8282979e-12
  9.5254565e+03   4.0951970e-10   7.5644666e-12   4.0947254e-10   7.5851914e-12   4.0946601e-10   7.5893496e-12
  1.0590254e+04   3.9972399e-10   8.9178095e-12   3.9989844e-10   8.8330139e-12   3.9988522e-10   8.8386241e-12
  1.1774080e+04   3.9944585e-10   1.1518286e-11   3.9915722e-10   1.1632751e-11   3.9914616e-10   1.1636972e-11
  1.3090240e+04   4.0192577e-10   1.1505888e-11   4.0129515e-10   1.1765656e-11   4.0128728e-10   1.1768501e-11
  1.4553525e+04   4.0190488e-10   1.1380457e-11   4.0132308e-10   1.1613916e-11   4.0131990e-10   1.1615063e-11
  1.6180383e+04   4.0127134e-10   1.1630079e-11   4.0121163e-10   1.1655050e-11   4.0119490e-10   1.1660943e-11
  1.7989098e+04   4.0084180e-10   1.1779052e-11   4.0110821e-10   1.1691779e-11   4.0110495e-10   1.1692990e-11
