  1.0000000e+02   1.5373927e+19   1.0543194e+15   1.5374742e+19   3.3254169e+16   1.5374646e+19   3.1271829e+16
  1.1117845e+02   1.5374584e+19   1.2171696e+15   1.5375675e+19   3.8472934e+16   1.5375546e+19   3.6182614e+16
  1.2360647e+02   1.5375402e+19   3.2523901e+15   1.5383447e+19   1.0413033e+17   1.5382601e+19   9.8676842e+16
  1.3742375e+02   1.5376412e+19   4.6595490e+15   1.5392971e+19   1.4888270e+17   1.5391264e+19   1.4129002e+17
  1.5278559e+02   1.5377661e+19   5.8171376e+15   1.5403515e+19   1.8532820e+17   1.5400891e+19   1.7609714e+17
  1.6986465e+02   1.5379241e+19   9.9440961e+15   1.5455145e+19   3.1156805e+17   1.5448009e+19   2.9778170e+17
  1.8885287e+02   1.5381203e+19   1.3831806e+16   1.5523105e+19   4.1471016e+17   1.5510571e+19   3.9854717e+17
  2.0996369e+02   1.5383645e+19   1.8130687e+16   1.5615369e+19   5.0989730e+17   1.5596487e+19   4.9344457e+17
  2.3343437e+02   1.5386704e+19   2.3487984e+16   1.5742614e+19   5.9586078e+17   1.5717049e+19   5.8219079e+17
  2.5952870e+02   1.5390456e+19   2.8076503e+16   1.5847676e+19   6.3956325e+17   1.5819329e+19   6.3004104e+17
  2.8853998e+02   1.5395064e+19   3.2239207e+16   1.5935225e+19   6.6111037e+17   1.5906575e+19   6.5549521e+17
  3.2079427e+02   1.5400818e+19   3.7749909e+16   1.6028954e+19   6.7192730e+17   1.6002085e+19   6.7036800e+17
  3.5665408e+02   1.5407963e+19   4.4087140e+16   1.6115033e+19   6.7067233e+17   1.6090547e+19   6.7217398e+17
  3.9652247e+02   1.5416897e+19   5.2088213e+16   1.6196365e+19   6.5967127e+17   1.6174876e+19   6.6340157e+17
  4.4084752e+02   1.5428163e+19   6.2840490e+16   1.6274901e+19   6.3969833e+17   1.6257121e+19   6.4483567e+17
  4.9012742e+02   1.5442421e+19   7.6733000e+16   1.6344409e+19   6.1379350e+17   1.6329440e+19   6.1974674e+17
  5.4491605e+02   1.5460603e+19   9.4624579e+16   1.6403228e+19   5.8484750e+17   1.6391317e+19   5.9084108e+17
  6.0582920e+02   1.5484090e+19   1.1800643e+17   1.6454760e+19   5.5370630e+17   1.6445462e+19   5.5934897e+17
  6.7355149e+02   1.5515078e+19   1.4919739e+17   1.6496995e+19   5.2319273e+17   1.6489839e+19   5.2833620e+17
  7.4884408e+02   1.5555452e+19   1.8569829e+17   1.6532366e+19   4.9338089e+17   1.6526840e+19   4.9795784e+17
  8.3255321e+02   1.5610353e+19   2.3264651e+17   1.6567820e+19   4.5987578e+17   1.6563489e+19   4.6398540e+17
  9.2561972e+02   1.5683290e+19   2.8472936e+17   1.6597646e+19   4.2771234e+17   1.6594007e+19   4.3157982e+17
  1.0290896e+03   1.5780720e+19   3.4022834e+17   1.6626726e+19   3.9323599e+17   1.6624015e+19   3.9668817e+17
  1.1441258e+03   1.5906772e+19   3.9015810e+17   1.6655154e+19   3.5688853e+17   1.6653522e+19   3.5962524e+17
  1.2720213e+03   1.6065838e+19   4.2474838e+17   1.6682918e+19   3.1938540e+17   1.6682148e+19   3.2139638e+17
  1.4142136e+03   1.6249240e+19   4.2635150e+17   1.6708469e+19   2.8370711e+17   1.6708374e+19   2.8509469e+17
  1.5723007e+03   1.6439001e+19   3.8535986e+17   1.6731168e+19   2.5370873e+17   1.6731588e+19   2.5445794e+17
  1.7480594e+03   1.6603494e+19   3.1012574e+17   1.6750050e+19   2.3280731e+17   1.6750865e+19   2.3292497e+17
  1.9434653e+03   1.6712845e+19   2.4104385e+17   1.6765017e+19   2.2203835e+17   1.6766376e+19   2.2167100e+17
  2.1607146e+03   1.6765934e+19   2.1585866e+17   1.6777017e+19   2.1862810e+17   1.6778806e+19   2.1809789e+17
  2.4022489e+03   1.6786944e+19   2.1712193e+17   1.6788156e+19   2.1836463e+17   1.6789787e+19   2.1800640e+17
  2.6707830e+03   1.6798652e+19   2.1931170e+17   1.6800120e+19   2.1878506e+17   1.6801613e+19   2.1844672e+17
  2.9693350e+03   1.6811066e+19   2.1783636e+17   1.6813588e+19   2.1840688e+17   1.6815024e+19   2.1797357e+17
  3.3012605e+03   1.6826464e+19   2.1594855e+17   1.6829528e+19   2.1776328e+17   1.6830948e+19   2.1735525e+17
  3.6702901e+03   1.6845367e+19   2.1506535e+17   1.6848404e+19   2.1728365e+17   1.6849788e+19   2.1687329e+17
  4.0805715e+03   1.6868487e+19   2.1461399e+17   1.6871429e+19   2.1685344e+17   1.6872661e+19   2.1654341e+17
  4.5367160e+03   1.6895212e+19   2.1426131e+17   1.6897343e+19   2.1625829e+17   1.6898590e+19   2.1604029e+17
  5.0438504e+03   1.6929480e+19   2.1646052e+17   1.6931219e+19   2.1750668e+17   1.6932628e+19   2.1740632e+17
  5.6076745e+03   1.6967961e+19   2.1874848e+17   1.6970351e+19   2.1905970e+17   1.6971702e+19   2.1893078e+17
  6.2345254e+03   1.7014776e+19   2.2168346e+17   1.7016763e+19   2.2248899e+17   1.7018200e+19   2.2229157e+17
  6.9314484e+03   1.7073546e+19   2.2694599e+17   1.7074800e+19   2.2821208e+17   1.7076024e+19   2.2813397e+17
  7.7062767e+03   1.7144284e+19   2.3366472e+17   1.7146492e+19   2.3543601e+17   1.7147739e+19   2.3529890e+17
  8.5677186e+03   1.7233057e+19   2.4692436e+17   1.7237769e+19   2.4743256e+17   1.7239440e+19   2.4728392e+17
  9.5254565e+03   1.7350049e+19   2.6928605e+17   1.7361670e+19   2.6664178e+17   1.7363472e+19   2.6653666e+17
  1.0590254e+04   1.7510708e+19   3.0064202e+17   1.7534661e+19   2.9578165e+17   1.7536540e+19   2.9561592e+17
  1.1774080e+04   1.7756988e+19   3.4689842e+17   1.7791023e+19   3.3968319e+17   1.7793103e+19   3.3941268e+17
  1.3090240e+04   1.8157688e+19   4.1152237e+17   1.8181591e+19   4.0054379e+17   1.8184102e+19   4.0018619e+17
  1.4553525e+04   1.8745394e+19   4.8567054e+17   1.8757937e+19   4.7267983e+17   1.8761201e+19   4.7188646e+17
  1.6180383e+04   1.9421334e+19   5.9049433e+17   1.9419565e+19   5.8620652e+17   1.9422736e+19   5.8472441e+17
  1.7989098e+04   1.9454762e+19   8.7980081e+17   1.9448800e+19   8.7640112e+17   1.9454368e+19   8.7497135e+17
