  1.0000000e+02   2.9810692e-01   5.2283586e-02   3.1182440e-01   0.0000000e+00   3.1182440e-01   0.0000000e+00
  1.1117845e+02   2.9821945e-01   5.2176451e-02   3.1187375e-01   3.7252903e-09   3.1187375e-01   6.4523921e-09
  1.2360647e+02   2.9568636e-01   5.6545352e-02   3.1193019e-01   0.0000000e+00   3.1193019e-01   0.0000000e+00
  1.3742375e+02   2.9559276e-01   5.6804276e-02   3.1199427e-01   0.0000000e+00   3.1199427e-01   0.0000000e+00
  1.5278559e+02   2.9560883e-01   5.6903486e-02   3.1206722e-01   5.2683561e-09   3.1206722e-01   0.0000000e+00
  1.6986465e+02   2.9518185e-01   5.7714894e-02   3.1215101e-01   0.0000000e+00   3.1215101e-01   0.0000000e+00
  1.8885287e+02   2.9515647e-01   5.7914335e-02   3.1224701e-01   5.2683561e-09   3.1224701e-01   6.4523921e-09
  2.0996369e+02   2.9529935e-01   5.7875915e-02   3.1235702e-01   0.0000000e+00   3.1235702e-01   0.0000000e+00
  2.3343437e+02   2.9552536e-01   5.7735469e-02   3.1248335e-01   5.2683561e-09   3.1248335e-01   3.7252903e-09
  2.5952870e+02   2.9519398e-01   5.8487521e-02   3.1262852e-01   0.0000000e+00   3.1262852e-01   0.0000000e+00
  2.8853998e+02   2.9457909e-01   5.9688281e-02   3.1279628e-01   3.7252903e-09   3.1279628e-01   5.2683561e-09
  3.2079427e+02   2.9443060e-01   6.0219220e-02   3.1299003e-01   3.7252903e-09   3.1299003e-01   5.2683561e-09
  3.5665408e+02   2.9375880e-01   6.1542243e-02   3.1321341e-01   3.7252903e-09   3.1321341e-01   0.0000000e+00
  3.9652247e+02   2.9298075e-01   6.3025269e-02   3.1347108e-01   0.0000000e+00   3.1347108e-01   0.0000000e+00
  4.4084752e+02   2.9231476e-01   6.4371569e-02   3.1376833e-01   5.2683561e-09   3.1376833e-01   0.0000000e+00
  4.9012742e+02   2.9086952e-01   6.6740108e-02   3.1411037e-01   3.7252903e-09   3.1411037e-01   3.7252903e-09
  5.4491605e+02   2.8847656e-01   7.0171867e-02   3.1450241e-01   6.4523921e-09   3.1450241e-01   0.0000000e+00
  6.0582920e+02   2.8524091e-01   7.4317039e-02   3.1495005e-01   0.0000000e+00   3.1495005e-01   5.2683561e-09
  6.7355149e+02   2.8071798e-01   7.9363831e-02   3.1545756e-01   6.4523921e-09   3.1545756e-01   7.4505806e-09
  7.4884408e+02   2.7513352e-01   8.4751066e-02   3.1602782e-01   0.0000000e+00   3.1602782e-01   6.4523921e-09
  8.3255321e+02   2.6840928e-01   9.0257208e-02   3.1666156e-01   0.0000000e+00   3.1666156e-01   0.0000000e+00
  9.2561972e+02   2.6268135e-01   9.4403410e-02   3.1735618e-01   0.0000000e+00   3.1735618e-01   8.3300023e-09
  1.0290896e+03   2.5799034e-01   9.7518150e-02   3.1810522e-01   3.7252903e-09   3.1810522e-01   3.7252903e-09
  1.1441258e+03   2.5501336e-01   9.9538519e-02   3.1889871e-01   0.0000000e+00   3.1889871e-01   5.2683561e-09
  1.2720213e+03   2.5412523e-01   1.0052850e-01   3.1972480e-01   0.0000000e+00   3.1972480e-01   6.4523921e-09
  1.4142136e+03   2.5444803e-01   1.0098256e-01   3.2057379e-01   0.0000000e+00   3.2057379e-01   0.0000000e+00
  1.5723007e+03   2.5542706e-01   1.0115890e-01   3.2144446e-01   0.0000000e+00   3.2144446e-01   0.0000000e+00
  1.7480594e+03   2.5803552e-01   1.0061731e-01   3.2235358e-01   0.0000000e+00   3.2235358e-01   6.4523921e-09
  1.9434653e+03   2.6280358e-01   9.9012263e-02   3.2334445e-01   0.0000000e+00   3.2334445e-01   0.0000000e+00
  2.1607146e+03   2.6871268e-01   9.6676390e-02   3.2449030e-01   0.0000000e+00   3.2449030e-01   3.7252903e-09
  2.4022489e+03   2.7395495e-01   9.4648103e-02   3.2588962e-01   3.7252903e-09   3.2588962e-01   5.2683561e-09
  2.6707830e+03   2.7889841e-01   9.2913159e-02   3.2765126e-01   5.2683561e-09   3.2765126e-01   0.0000000e+00
  2.9693350e+03   2.8469446e-01   9.0795047e-02   3.2987738e-01   0.0000000e+00   3.2987738e-01   0.0000000e+00
  3.3012605e+03   2.9072485e-01   8.8784623e-02   3.3265400e-01   0.0000000e+00   3.3265400e-01   8.3300023e-09
  3.6702901e+03   2.9722768e-01   8.6783669e-02   3.3606076e-01   7.4505806e-09   3.3606076e-01   0.0000000e+00
  4.0805715e+03   3.0427426e-01   8.4831536e-02   3.4019566e-01   0.0000000e+00   3.4019566e-01   0.0000000e+00
  4.5367160e+03   3.1131297e-01   8.3674965e-02   3.4520018e-01   3.7252903e-09   3.4520018e-01   0.0000000e+00
  5.0438504e+03   3.1711906e-01   8.4992883e-02   3.5127085e-01   7.4505806e-09   3.5127085e-01   6.4523921e-09
  5.6076745e+03   3.2496263e-01   8.5764253e-02   3.5865626e-01   0.0000000e+00   3.5865626e-01   0.0000000e+00
  6.2345254e+03   3.3371370e-01   8.7522016e-02   3.6763758e-01   5.2683561e-09   3.6763758e-01   5.2683561e-09
  6.9314484e+03   3.4268920e-01   9.1415879e-02   3.7851145e-01   0.0000000e+00   3.7851145e-01   0.0000000e+00
  7.7062767e+03   3.5473775e-01   9.4763541e-02   3.9160888e-01   5.2683561e-09   3.9160888e-01   0.0000000e+00
  8.5677186e+03   3.7051255e-01   9.7435426e-02   4.0742599e-01   0.0000000e+00   4.0742599e-01   0.0000000e+00
  9.5254565e+03   3.8854967e-01   1.0222846e-01   4.2688294e-01   0.0000000e+00   4.2688294e-01   0.0000000e+00
  1.0590254e+04   4.1042128e-01   1.0939909e-01   4.5150740e-01   0.0000000e+00   4.5150740e-01   0.0000000e+00
  1.1774080e+04   4.3886933e-01   1.1813471e-01   4.8307620e-01   0.0000000e+00   4.8307620e-01   7.4505806e-09
  1.3090240e+04   4.7753587e-01   1.2574723e-01   5.2283768e-01   1.0536712e-08   5.2283768e-01   7.4505806e-09
  1.4553525e+04   5.2635095e-01   1.3376258e-01   5.7216723e-01   0.0000000e+00   5.7216723e-01   0.0000000e+00
  1.6180383e+04   5.8823026e-01   1.4482162e-01   6.3571557e-01   7.4505806e-09   6.3571557e-01   1.4901161e-08
  1.7989098e+04   6.7454783e-01   1.5524998e-01   7.2168783e-01   0.0000000e+00   7.2168783e-01   1.0536712e-08
