  1.0000000e+02   2.9418573e-01   5.8701019e-02   3.1182440e-01   0.0000000e+00   3.1182440e-01   0.0000000e+00
  1.1117845e+02   2.9431429e-01   5.8586840e-02   3.1187375e-01   3.7252903e-09   3.1187375e-01   0.0000000e+00
  1.2360647e+02   2.9118895e-01   6.3161289e-02   3.1193019e-01   0.0000000e+00   3.1193019e-01   0.0000000e+00
  1.3742375e+02   2.9108629e-01   6.3396188e-02   3.1199427e-01   0.0000000e+00   3.1199427e-01   5.2683561e-09
  1.5278559e+02   2.9109848e-01   6.3488509e-02   3.1206722e-01   0.0000000e+00   3.1206722e-01   0.0000000e+00
  1.6986465e+02   2.9032984e-01   6.4634121e-02   3.1215101e-01   0.0000000e+00   3.1215101e-01   6.4523921e-09
  1.8885287e+02   2.9021984e-01   6.4916546e-02   3.1224701e-01   6.4523921e-09   3.1224701e-01   5.2683561e-09
  2.0996369e+02   2.9033864e-01   6.4919422e-02   3.1235702e-01   7.4505806e-09   3.1235702e-01   0.0000000e+00
  2.3343437e+02   2.9056626e-01   6.4803496e-02   3.1248335e-01   5.2683561e-09   3.1248335e-01   0.0000000e+00
  2.5952870e+02   2.9009827e-01   6.5618589e-02   3.1262852e-01   5.2683561e-09   3.1262852e-01   0.0000000e+00
  2.8853998e+02   2.8926931e-01   6.6904317e-02   3.1279628e-01   3.7252903e-09   3.1279628e-01   0.0000000e+00
  3.2079427e+02   2.8904245e-01   6.7454574e-02   3.1299003e-01   0.0000000e+00   3.1299003e-01   3.7252903e-09
  3.5665408e+02   2.8821055e-01   6.8766744e-02   3.1321341e-01   5.2683561e-09   3.1321341e-01   0.0000000e+00
  3.9652247e+02   2.8722876e-01   7.0258804e-02   3.1347108e-01   6.4523921e-09   3.1347108e-01   0.0000000e+00
  4.4084752e+02   2.8635825e-01   7.1630405e-02   3.1376833e-01   3.7252903e-09   3.1376833e-01   0.0000000e+00
  4.9012742e+02   2.8455441e-01   7.4012964e-02   3.1411037e-01   3.7252903e-09   3.1411037e-01   0.0000000e+00
  5.4491605e+02   2.8160171e-01   7.7450796e-02   3.1450241e-01   0.0000000e+00   3.1450241e-01   0.0000000e+00
  6.0582920e+02   2.7767385e-01   8.1533374e-02   3.1495005e-01   0.0000000e+00   3.1495005e-01   0.0000000e+00
  6.7355149e+02   2.7230615e-01   8.6375815e-02   3.1545756e-01   3.7252903e-09   3.1545756e-01   0.0000000e+00
  7.4884408e+02   2.6575493e-01   9.1424972e-02   3.1602782e-01   0.0000000e+00   3.1602782e-01   0.0000000e+00
  8.3255321e+02   2.5812644e-01   9.6335323e-02   3.1666156e-01   7.4505806e-09   3.1666156e-01   6.4523921e-09
  9.2561972e+02   2.5169402e-01   9.9907397e-02   3.1735618e-01   0.0000000e+00   3.1735618e-01   0.0000000e+00
  1.0290896e+03   2.4640733e-01   1.0252644e-01   3.1810522e-01   0.0000000e+00   3.1810522e-01   0.0000000e+00
  1.1441258e+03   2.4279985e-01   1.0427207e-01   3.1889871e-01   0.0000000e+00   3.1889871e-01   3.7252903e-09
  1.2720213e+03   2.4123793e-01   1.0526089e-01   3.1972480e-01   6.4523921e-09   3.1972480e-01   0.0000000e+00
  1.4142136e+03   2.4063108e-01   1.0594183e-01   3.2057379e-01   3.7252903e-09   3.2057379e-01   5.2683561e-09
  1.5723007e+03   2.4056984e-01   1.0646369e-01   3.2144446e-01   0.0000000e+00   3.2144446e-01   7.4505806e-09
  1.7480594e+03   2.4222594e-01   1.0651540e-01   3.2235358e-01   5.2683561e-09   3.2235358e-01   0.0000000e+00
  1.9434653e+03   2.4633130e-01   1.0584051e-01   3.2334445e-01   6.4523921e-09   3.2334445e-01   0.0000000e+00
  2.1607146e+03   2.5201523e-01   1.0456609e-01   3.2449030e-01   0.0000000e+00   3.2449030e-01   0.0000000e+00
  2.4022489e+03   2.5745558e-01   1.0332055e-01   3.2588962e-01   0.0000000e+00   3.2588962e-01   3.7252903e-09
  2.6707830e+03   2.6288317e-01   1.0213451e-01   3.2765126e-01   6.4523921e-09   3.2765126e-01   0.0000000e+00
  2.9693350e+03   2.6979902e-01   1.0033224e-01   3.2987738e-01   8.3300023e-09   3.2987738e-01   0.0000000e+00
  3.3012605e+03   2.7749763e-01   9.8182844e-02   3.3265400e-01   0.0000000e+00   3.3265400e-01   0.0000000e+00
  3.6702901e+03   2.8564291e-01   9.5885923e-02   3.3606076e-01   0.0000000e+00   3.3606076e-01   0.0000000e+00
  4.0805715e+03   2.9439724e-01   9.3395783e-02   3.4019566e-01   0.0000000e+00   3.4019566e-01   0.0000000e+00
  4.5367160e+03   3.0273523e-01   9.1703380e-02   3.4520018e-01   8.3300023e-09   3.4520018e-01   0.0000000e+00
  5.0438504e+03   3.0940350e-01   9.2372923e-02   3.5127085e-01   0.0000000e+00   3.5127085e-01   5.2683561e-09
  5.6076745e+03   3.1765440e-01   9.3012270e-02   3.5865626e-01   7.4505806e-09   3.5865626e-01   0.0000000e+00
  6.2345254e+03   3.2698430e-01   9.4371857e-02   3.6763758e-01   0.0000000e+00   3.6763758e-01   7.4505806e-09
  6.9314484e+03   3.3601921e-01   9.8129822e-02   3.7851145e-01   0.0000000e+00   3.7851145e-01   0.0000000e+00
  7.7062767e+03   3.4820163e-01   1.0143133e-01   3.9160888e-01   0.0000000e+00   3.9160888e-01   0.0000000e+00
  8.5677186e+03   3.6394836e-01   1.0438626e-01   4.0742599e-01   7.4505806e-09   4.0742599e-01   0.0000000e+00
  9.5254565e+03   3.8198810e-01   1.0929288e-01   4.2688294e-01   0.0000000e+00   4.2688294e-01   0.0000000e+00
  1.0590254e+04   4.0348816e-01   1.1685384e-01   4.5150740e-01   0.0000000e+00   4.5150740e-01   0.0000000e+00
  1.1774080e+04   4.3146809e-01   1.2613631e-01   4.8307620e-01   7.4505806e-09   4.8307620e-01   0.0000000e+00
  1.3090240e+04   4.6989126e-01   1.3444673e-01   5.2283768e-01   0.0000000e+00   5.2283768e-01   1.0536712e-08
  1.4553525e+04   5.1857825e-01   1.4321779e-01   5.7216723e-01   1.2904784e-08   5.7216723e-01   7.4505806e-09
  1.6180383e+04   5.8002321e-01   1.5537413e-01   6.3571557e-01   1.0536712e-08   6.3571557e-01   0.0000000e+00
  1.7989098e+04   6.6621182e-01   1.6703978e-01   7.2168783e-01   0.0000000e+00   7.2168783e-01   0.0000000e+00
