  1.0000000e+02  -4.0317559e+00   2.1648926e-04  -4.0318537e+00   3.6322022e-03  -4.0318453e+00   3.4750552e-03
  1.1117845e+02  -4.0316722e+00   2.5029521e-04  -4.0318032e+00   4.2051754e-03  -4.0317920e+00   4.0240456e-03
  1.2360647e+02  -4.0315719e+00   7.0908240e-04  -4.0325504e+00   1.1472506e-02  -4.0324811e+00   1.1065888e-02
  1.3742375e+02  -4.0314479e+00   1.0226769e-03  -4.0334659e+00   1.6417791e-02  -4.0333272e+00   1.5858109e-02
  1.5278559e+02  -4.0312940e+00   1.2828027e-03  -4.0344518e+00   2.0458546e-02  -4.0342400e+00   1.9783575e-02
  1.6986465e+02  -4.0311258e+00   2.2986136e-03  -4.0403036e+00   3.4083855e-02  -4.0397621e+00   3.3148097e-02
  1.8885287e+02  -4.0309238e+00   3.2519818e-03  -4.0479666e+00   4.5003632e-02  -4.0470499e+00   4.3965582e-02
  2.0996369e+02  -4.0306914e+00   4.4047146e-03  -4.0581567e+00   5.4593239e-02  -4.0568349e+00   5.3614776e-02
  2.3343437e+02  -4.0304412e+00   5.9348794e-03  -4.0719016e+00   6.2630763e-02  -4.0701921e+00   6.1915369e-02
  2.5952870e+02  -4.0301292e+00   7.3819219e-03  -4.0829252e+00   6.6400636e-02  -4.0811691e+00   6.6014989e-02
  2.8853998e+02  -4.0297436e+00   8.8534198e-03  -4.0918705e+00   6.8042943e-02  -4.0902894e+00   6.7930879e-02
  3.2079427e+02  -4.0293543e+00   1.0935461e-02  -4.1010423e+00   6.8399116e-02  -4.0997729e+00   6.8502785e-02
  3.5665408e+02  -4.0289421e+00   1.3410263e-02  -4.1092029e+00   6.7656946e-02  -4.1082464e+00   6.7875429e-02
  3.9652247e+02  -4.0285931e+00   1.6609610e-02  -4.1167682e+00   6.6036892e-02  -4.1161210e+00   6.6287964e-02
  4.4084752e+02  -4.0284980e+00   2.0956147e-02  -4.1239814e+00   6.3564461e-02  -4.1236306e+00   6.3773416e-02
  4.9012742e+02  -4.0288771e+00   2.6548931e-02  -4.1301046e+00   6.0661947e-02  -4.1299581e+00   6.0798530e-02
  5.4491605e+02  -4.0301467e+00   3.3619733e-02  -4.1352150e+00   5.7602978e-02  -4.1352201e+00   5.7639508e-02
  6.0582920e+02  -4.0331239e+00   4.2511559e-02  -4.1396738e+00   5.4321107e-02  -4.1397861e+00   5.4247621e-02
  6.7355149e+02  -4.0391617e+00   5.3291163e-02  -4.1435252e+00   5.0959240e-02  -4.1436468e+00   5.0832103e-02
  7.4884408e+02  -4.0479614e+00   6.3773133e-02  -4.1463326e+00   4.8116681e-02  -4.1464187e+00   4.7988631e-02
  8.3255321e+02  -4.0609437e+00   7.3327610e-02  -4.1487754e+00   4.5278955e-02  -4.1488316e+00   4.5157828e-02
  9.2561972e+02  -4.0781371e+00   7.9767692e-02  -4.1510451e+00   4.2153949e-02  -4.1510903e+00   4.2030619e-02
  1.0290896e+03  -4.0981783e+00   8.0785467e-02  -4.1531632e+00   3.8594784e-02  -4.1532216e+00   3.8450328e-02
  1.1441258e+03  -4.1179738e+00   7.5292584e-02  -4.1550641e+00   3.4547052e-02  -4.1551501e+00   3.4337588e-02
  1.2720213e+03  -4.1347036e+00   6.4140791e-02  -4.1566501e+00   3.0059127e-02  -4.1567417e+00   2.9793088e-02
  1.4142136e+03  -4.1463363e+00   5.0212965e-02  -4.1577992e+00   2.5383393e-02  -4.1578577e+00   2.5128934e-02
  1.5723007e+03  -4.1529745e+00   3.6615783e-02  -4.1583864e+00   2.0943288e-02  -4.1584111e+00   2.0739474e-02
  1.7480594e+03  -4.1560328e+00   2.5355680e-02  -4.1584503e+00   1.7107730e-02  -4.1584629e+00   1.6963740e-02
  1.9434653e+03  -4.1569229e+00   1.7775806e-02  -4.1580431e+00   1.4392377e-02  -4.1580557e+00   1.4313077e-02
  2.1607146e+03  -4.1567243e+00   1.3914868e-02  -4.1572854e+00   1.2952761e-02  -4.1572928e+00   1.2918616e-02
  2.4022489e+03  -4.1559398e+00   1.2659562e-02  -4.1562645e+00   1.2516092e-02  -4.1562385e+00   1.2511961e-02
  2.6707830e+03  -4.1547031e+00   1.2657456e-02  -4.1549473e+00   1.2662619e-02  -4.1549159e+00   1.2666363e-02
  2.9693350e+03  -4.1532112e+00   1.3059463e-02  -4.1533960e+00   1.3030771e-02  -4.1533817e+00   1.3036709e-02
  3.3012605e+03  -4.1514379e+00   1.3604343e-02  -4.1515625e+00   1.3525603e-02  -4.1515463e+00   1.3535131e-02
  3.6702901e+03  -4.1493308e+00   1.4145155e-02  -4.1493672e+00   1.4100811e-02  -4.1493658e+00   1.4104255e-02
  4.0805715e+03  -4.1467721e+00   1.4727426e-02  -4.1466916e+00   1.4765569e-02  -4.1466722e+00   1.4774603e-02
  4.5367160e+03  -4.1436096e+00   1.5390103e-02  -4.1434756e+00   1.5479075e-02  -4.1434735e+00   1.5488715e-02
  5.0438504e+03  -4.1393336e+00   1.6404283e-02  -4.1391621e+00   1.6521391e-02  -4.1391474e+00   1.6528178e-02
  5.6076745e+03  -4.1339301e+00   1.7602589e-02  -4.1336149e+00   1.7786202e-02  -4.1335838e+00   1.7803573e-02
  6.2345254e+03  -4.1270176e+00   1.9086818e-02  -4.1263545e+00   1.9527574e-02  -4.1263507e+00   1.9529874e-02
  6.9314484e+03  -4.1175705e+00   2.1014287e-02  -4.1161969e+00   2.1978878e-02  -4.1161939e+00   2.1978686e-02
  7.7062767e+03  -4.1043927e+00   2.3218447e-02  -4.1024529e+00   2.4648086e-02  -4.1024281e+00   2.4663033e-02
  8.5677186e+03  -4.0843311e+00   2.6509428e-02  -4.0829162e+00   2.7514666e-02  -4.0828969e+00   2.7525682e-02
  9.5254565e+03  -4.0563438e+00   3.0325892e-02  -4.0561744e+00   3.0421224e-02  -4.0561476e+00   3.0437774e-02
  1.0590254e+04  -4.0246677e+00   3.5624630e-02  -4.0254004e+00   3.5306087e-02  -4.0253473e+00   3.5328603e-02
  1.1774080e+04  -4.0212195e+00   4.4564722e-02  -4.0201132e+00   4.5015106e-02  -4.0200708e+00   4.5031727e-02
  1.3090240e+04  -4.0295192e+00   4.4781893e-02  -4.0270727e+00   4.5798247e-02  -4.0270433e+00   4.5810184e-02
  1.4553525e+04  -4.0295372e+00   4.4162140e-02  -4.0272789e+00   4.5067594e-02  -4.0272669e+00   4.5072235e-02
  1.6180383e+04  -4.0271012e+00   4.5146374e-02  -4.0268443e+00   4.5225686e-02  -4.0267805e+00   4.5249310e-02
  1.7989098e+04  -4.0254330e+00   4.5724024e-02  -4.0264439e+00   4.5368792e-02  -4.0264307e+00   4.5373124e-02
