  1.0000000e+02   1.7066470e-01   3.2631627e-05   1.7067067e-01   9.1911871e-04   1.7066997e-01   8.6330470e-04
  1.1117845e+02   1.7073059e-01   3.7668405e-05   1.7073859e-01   1.0632368e-03   1.7073765e-01   9.9878907e-04
  1.2360647e+02   1.7081209e-01   1.0173605e-04   1.7087185e-01   2.9049271e-03   1.7086541e-01   2.7442084e-03
  1.3742375e+02   1.7091283e-01   1.4606915e-04   1.7103672e-01   4.1811850e-03   1.7102359e-01   3.9538146e-03
  1.5278559e+02   1.7103734e-01   1.8250110e-04   1.7123188e-01   5.2372005e-03   1.7121154e-01   4.9565430e-03
  1.6986465e+02   1.7119153e-01   3.0845404e-04   1.7176083e-01   8.9448433e-03   1.7170665e-01   8.5106994e-03
  1.8885287e+02   1.7138218e-01   4.2747219e-04   1.7248816e-01   1.2439273e-02   1.7238647e-01   1.1858584e-02
  2.0996369e+02   1.7161795e-01   5.5692089e-04   1.7352023e-01   1.6259927e-02   1.7334477e-01   1.5502523e-02
  2.3343437e+02   1.7190965e-01   7.1622544e-04   1.7509071e-01   2.0916785e-02   1.7479681e-01   1.9949475e-02
  2.5952870e+02   1.7226992e-01   8.5295789e-04   1.7671017e-01   2.4579505e-02   1.7632011e-01   2.3509953e-02
  2.8853998e+02   1.7271491e-01   9.7654787e-04   1.7836749e-01   2.7580737e-02   1.7790588e-01   2.6477196e-02
  3.2079427e+02   1.7326519e-01   1.1327927e-03   1.8040690e-01   3.0789087e-02   1.7988661e-01   2.9705812e-02
  3.5665408e+02   1.7394524e-01   1.3032440e-03   1.8268424e-01   3.3795236e-02   1.8212777e-01   3.2772586e-02
  3.9652247e+02   1.7478600e-01   1.5085795e-03   1.8533986e-01   3.6798699e-02   1.8477873e-01   3.5886786e-02
  4.4084752e+02   1.7582574e-01   1.7675824e-03   1.8858618e-01   3.9998402e-02   1.8804759e-01   3.9230643e-02
  4.9012742e+02   1.7711076e-01   2.0632552e-03   1.9221220e-01   4.2943145e-02   1.9171285e-01   4.2314870e-02
  5.4491605e+02   1.7869861e-01   2.4001465e-03   1.9623837e-01   4.5591119e-02   1.9577492e-01   4.5074056e-02
  6.0582920e+02   1.8065993e-01   2.7756461e-03   2.0073122e-01   4.7935755e-02   2.0034733e-01   4.7555915e-02
  6.7355149e+02   1.8308142e-01   3.1914968e-03   2.0556317e-01   4.9770441e-02   2.0518122e-01   4.9432640e-02
  7.4884408e+02   1.8606893e-01   3.6325648e-03   2.1070193e-01   5.1010058e-02   2.1032634e-01   5.0710990e-02
  8.3255321e+02   1.8975557e-01   4.1727130e-03   2.1638473e-01   5.1757602e-02   2.1601523e-01   5.1493019e-02
  9.2561972e+02   1.9430638e-01   4.8827968e-03   2.2287409e-01   5.2046982e-02   2.2256668e-01   5.1851354e-02
  1.0290896e+03   1.9992201e-01   5.8626970e-03   2.3024928e-01   5.1725553e-02   2.3001168e-01   5.1593001e-02
  1.1441258e+03   2.0684432e-01   7.1685219e-03   2.3859038e-01   5.0613407e-02   2.3846731e-01   5.0554364e-02
  1.2720213e+03   2.1536719e-01   8.9315795e-03   2.4838896e-01   4.8664631e-02   2.4827686e-01   4.8620557e-02
  1.4142136e+03   2.2581730e-01   1.1134848e-02   2.5923061e-01   4.5383153e-02   2.5904892e-01   4.5327171e-02
  1.5723007e+03   2.3856263e-01   1.4042563e-02   2.7149086e-01   4.0579038e-02   2.7130148e-01   4.0538931e-02
  1.7480594e+03   2.5399225e-01   1.8120299e-02   2.8514795e-01   3.3856865e-02   2.8508059e-01   3.3850435e-02
  1.9434653e+03   2.7239130e-01   2.4085674e-02   2.9972516e-01   2.4781186e-02   2.9970774e-01   2.4782017e-02
  2.1607146e+03   2.9346495e-01   3.3480539e-02   3.1390824e-01   1.3202041e-02   3.1389782e-01   1.3204362e-02
  2.4022489e+03   3.1514361e-01   4.8811766e-02   3.2602610e-01   2.0971828e-04   3.2602625e-01   2.0978362e-04
  2.6707830e+03   3.3180040e-01   7.1975709e-02   3.3449735e-01   1.3582550e-02   3.3450695e-01   1.3589648e-02
  2.9693350e+03   3.3482906e-01   9.8320724e-02   3.3871540e-01   2.3984594e-02   3.3871400e-01   2.3982955e-02
  3.3012605e+03   3.2196498e-01   1.1451492e-01   3.3991831e-01   2.8855119e-02   3.3986510e-01   2.8755915e-02
  3.6702901e+03   3.0753196e-01   1.1335549e-01   3.4045064e-01   2.7655102e-02   3.4041545e-01   2.7546810e-02
  4.0805715e+03   3.0234318e-01   1.0358686e-01   3.4218047e-01   2.1953370e-02   3.4217824e-01   2.1941087e-02
  4.5367160e+03   3.0496238e-01   9.5697761e-02   3.4586563e-01   1.4557348e-02   3.4585967e-01   1.4492138e-02
  5.0438504e+03   3.0989071e-01   9.3443353e-02   3.5143574e-01   7.9843477e-03   3.5143428e-01   7.9487849e-03
  5.6076745e+03   3.1772212e-01   9.3172394e-02   3.5868115e-01   3.2260368e-03   3.5868080e-01   3.2031667e-03
  6.2345254e+03   3.2698430e-01   9.4371857e-02   3.6763758e-01   0.0000000e+00   3.6763758e-01   7.4505806e-09
  6.9314484e+03   3.3601921e-01   9.8129822e-02   3.7851145e-01   0.0000000e+00   3.7851145e-01   0.0000000e+00
  7.7062767e+03   3.4820163e-01   1.0143133e-01   3.9160888e-01   0.0000000e+00   3.9160888e-01   0.0000000e+00
  8.5677186e+03   3.6394836e-01   1.0438626e-01   4.0742599e-01   7.4505806e-09   4.0742599e-01   0.0000000e+00
  9.5254565e+03   3.8198810e-01   1.0929288e-01   4.2688294e-01   0.0000000e+00   4.2688294e-01   0.0000000e+00
  1.0590254e+04   4.0348816e-01   1.1685384e-01   4.5150740e-01   0.0000000e+00   4.5150740e-01   0.0000000e+00
  1.1774080e+04   4.3146809e-01   1.2613631e-01   4.8307620e-01   7.4505806e-09   4.8307620e-01   0.0000000e+00
  1.3090240e+04   4.6989126e-01   1.3444673e-01   5.2283768e-01   0.0000000e+00   5.2283768e-01   1.0536712e-08
  1.4553525e+04   5.1857825e-01   1.4321779e-01   5.7216723e-01   1.2904784e-08   5.7216723e-01   7.4505806e-09
  1.6180383e+04   5.8002321e-01   1.5537413e-01   6.3571557e-01   1.0536712e-08   6.3571557e-01   0.0000000e+00
  1.7989098e+04   6.6621182e-01   1.6703978e-01   7.2168783e-01   0.0000000e+00   7.2168783e-01   0.0000000e+00
