  1.0000000e+02   5.5058446e+19   1.6793153e+18   5.5563052e+19   0.0000000e+00   5.5563052e+19   0.0000000e+00
  1.1117845e+02   5.5061720e+19   1.6759611e+18   5.5564034e+19   0.0000000e+00   5.5564034e+19   1.3466212e+12
  1.2360647e+02   5.4971863e+19   1.8067063e+18   5.5565159e+19   0.0000000e+00   5.5565159e+19   0.0000000e+00
  1.3742375e+02   5.4968414e+19   1.8132907e+18   5.5566435e+19   0.0000000e+00   5.5566435e+19   0.0000000e+00
  1.5278559e+02   5.4968180e+19   1.8157775e+18   5.5567888e+19   0.0000000e+00   5.5567888e+19   7.7747213e+11
  1.6986465e+02   5.4945526e+19   1.8483690e+18   5.5569555e+19   7.7747213e+11   5.5569555e+19   0.0000000e+00
  1.8885287e+02   5.4941610e+19   1.8562578e+18   5.5571466e+19   1.5549443e+12   5.5571466e+19   0.0000000e+00
  2.0996369e+02   5.4944120e+19   1.8561353e+18   5.5573656e+19   0.0000000e+00   5.5573656e+19   0.0000000e+00
  2.3343437e+02   5.4949610e+19   1.8525855e+18   5.5576171e+19   0.0000000e+00   5.5576171e+19   0.0000000e+00
  2.5952870e+02   5.4935071e+19   1.8755956e+18   5.5579060e+19   1.0995116e+12   5.5579060e+19   0.0000000e+00
  2.8853998e+02   5.4910049e+19   1.9119765e+18   5.5582397e+19   0.0000000e+00   5.5582397e+19   0.0000000e+00
  3.2079427e+02   5.4902038e+19   1.9272679e+18   5.5586253e+19   0.0000000e+00   5.5586253e+19   7.7747213e+11
  3.5665408e+02   5.4876510e+19   1.9642738e+18   5.5590699e+19   1.0995116e+12   5.5590699e+19   0.0000000e+00
  3.9652247e+02   5.4846443e+19   2.0063304e+18   5.5595827e+19   0.0000000e+00   5.5595827e+19   0.0000000e+00
  4.4084752e+02   5.4819281e+19   2.0447981e+18   5.5601743e+19   7.7747213e+11   5.5601743e+19   0.0000000e+00
  4.9012742e+02   5.4765169e+19   2.1119712e+18   5.5608553e+19   0.0000000e+00   5.5608553e+19   0.0000000e+00
  5.4491605e+02   5.4677945e+19   2.2091032e+18   5.5616360e+19   7.7747213e+11   5.5616360e+19   7.7747213e+11
  6.0582920e+02   5.4562612e+19   2.3243474e+18   5.5625279e+19   0.0000000e+00   5.5625279e+19   0.0000000e+00
  6.7355149e+02   5.4405953e+19   2.4609684e+18   5.5635398e+19   7.7747213e+11   5.5635398e+19   1.0995116e+12
  7.4884408e+02   5.4215349e+19   2.6031550e+18   5.5646775e+19   1.0995116e+12   5.5646775e+19   0.0000000e+00
  8.3255321e+02   5.3993944e+19   2.7410106e+18   5.5659433e+19   0.0000000e+00   5.5659433e+19   0.0000000e+00
  9.2561972e+02   5.3806490e+19   2.8404528e+18   5.5673322e+19   1.3466212e+12   5.5673322e+19   0.0000000e+00
  1.0290896e+03   5.3651541e+19   2.9125494e+18   5.5688319e+19   7.7747213e+11   5.5688319e+19   1.0995116e+12
  1.1441258e+03   5.3544250e+19   2.9596429e+18   5.5704229e+19   0.0000000e+00   5.5704229e+19   0.0000000e+00
  1.2720213e+03   5.3494943e+19   2.9851776e+18   5.5720814e+19   7.7747213e+11   5.5720814e+19   0.0000000e+00
  1.4142136e+03   5.3472612e+19   3.0019746e+18   5.5737874e+19   0.0000000e+00   5.5737874e+19   0.0000000e+00
  1.5723007e+03   5.3465589e+19   3.0142723e+18   5.5755366e+19   0.0000000e+00   5.5755366e+19   0.0000000e+00
  1.7480594e+03   5.3506855e+19   3.0132297e+18   5.5773597e+19   1.0995116e+12   5.5773597e+19   0.0000000e+00
  1.9434653e+03   5.3616714e+19   2.9914521e+18   5.5793396e+19   0.0000000e+00   5.5793396e+19   0.0000000e+00
  2.1607146e+03   5.3769927e+19   2.9523316e+18   5.5816197e+19   7.7747213e+11   5.5816197e+19   0.0000000e+00
  2.4022489e+03   5.3914333e+19   2.9133105e+18   5.5843955e+19   0.0000000e+00   5.5843955e+19   0.0000000e+00
  2.6707830e+03   5.4055741e+19   2.8749330e+18   5.5878865e+19   0.0000000e+00   5.5878865e+19   0.0000000e+00
  2.9693350e+03   5.4235615e+19   2.8179962e+18   5.5923014e+19   1.3466212e+12   5.5923014e+19   0.0000000e+00
  3.3012605e+03   5.4433268e+19   2.7500541e+18   5.5978171e+19   0.0000000e+00   5.5978171e+19   0.0000000e+00
  3.6702901e+03   5.4638487e+19   2.6767542e+18   5.6045953e+19   0.0000000e+00   5.6045953e+19   0.0000000e+00
  4.0805715e+03   5.4854904e+19   2.5968497e+18   5.6128320e+19   0.0000000e+00   5.6128320e+19   0.0000000e+00
  4.5367160e+03   5.5052923e+19   2.5377688e+18   5.6228084e+19   0.0000000e+00   5.6228084e+19   0.0000000e+00
  5.0438504e+03   5.5197004e+19   2.5420895e+18   5.6349187e+19   0.0000000e+00   5.6349187e+19   0.0000000e+00
  5.6076745e+03   5.5375654e+19   2.5430010e+18   5.6496665e+19   1.0995116e+12   5.6496665e+19   0.0000000e+00
  6.2345254e+03   5.5573204e+19   2.5606840e+18   5.6676289e+19   7.7747213e+11   5.6676289e+19   0.0000000e+00
  6.9314484e+03   5.5751159e+19   2.6397479e+18   5.6894224e+19   0.0000000e+00   5.6894224e+19   0.0000000e+00
  7.7062767e+03   5.6000889e+19   2.7023158e+18   5.7157338e+19   0.0000000e+00   5.7157338e+19   0.0000000e+00
  8.5677186e+03   5.6329724e+19   2.7513757e+18   5.7475691e+19   1.0995116e+12   5.7475691e+19   0.0000000e+00
  9.5254565e+03   5.6698572e+19   2.8462850e+18   5.7867756e+19   0.0000000e+00   5.7867756e+19   0.0000000e+00
  1.0590254e+04   5.7131147e+19   3.0020158e+18   5.8364779e+19   1.0995116e+12   5.8364779e+19   0.0000000e+00
  1.1774080e+04   5.7698915e+19   3.1921256e+18   5.9004959e+19   1.3466212e+12   5.9004959e+19   0.0000000e+00
  1.3090240e+04   5.8498392e+19   3.3505065e+18   5.9817854e+19   0.0000000e+00   5.9817854e+19   0.0000000e+00
  1.4553525e+04   5.9518173e+19   3.5167614e+18   6.0834069e+19   7.7747213e+11   6.0834069e+19   7.7747213e+11
  1.6180383e+04   6.0801242e+19   3.7609925e+18   6.2149334e+19   1.3466212e+12   6.2149334e+19   7.7747213e+11
  1.7989098e+04   6.2621481e+19   3.9912551e+18   6.3947027e+19   1.0995116e+12   6.3947027e+19   0.0000000e+00
