  1.0000000e+02   1.6704769e+19   2.0893015e+17   1.6688325e+19   2.2783834e+17   1.6693554e+19   2.2609351e+17
  1.1117845e+02   1.6705035e+19   2.0895466e+17   1.6688589e+19   2.2787932e+17   1.6693818e+19   2.2612945e+17
  1.2360647e+02   1.6703133e+19   2.0466995e+17   1.6689315e+19   2.2470852e+17   1.6694041e+19   2.2312908e+17
  1.3742375e+02   1.6703462e+19   2.0417816e+17   1.6689894e+19   2.2437662e+17   1.6694532e+19   2.2281307e+17
  1.5278559e+02   1.6703809e+19   2.0401263e+17   1.6690326e+19   2.2427098e+17   1.6694934e+19   2.2271317e+17
  1.6986465e+02   1.6704274e+19   2.0440778e+17   1.6691947e+19   2.2550280e+17   1.6696130e+19   2.2381299e+17
  1.8885287e+02   1.6704838e+19   2.0447329e+17   1.6692853e+19   2.2581895e+17   1.6696894e+19   2.2409204e+17
  2.0996369e+02   1.6705733e+19   2.0468910e+17   1.6694866e+19   2.2664601e+17   1.6698703e+19   2.2484127e+17
  2.3343437e+02   1.6706830e+19   2.0496614e+17   1.6697345e+19   2.2763823e+17   1.6700961e+19   2.2574690e+17
  2.5952870e+02   1.6707412e+19   2.0464786e+17   1.6699332e+19   2.2778047e+17   1.6702606e+19   2.2585648e+17
  2.8853998e+02   1.6707804e+19   2.0403832e+17   1.6701352e+19   2.2758138e+17   1.6704172e+19   2.2564614e+17
  3.2079427e+02   1.6708583e+19   2.0429222e+17   1.6704571e+19   2.2777765e+17   1.6706821e+19   2.2585896e+17
  3.5665408e+02   1.6709714e+19   2.0494163e+17   1.6707882e+19   2.2785968e+17   1.6709510e+19   2.2598956e+17
  3.9652247e+02   1.6710944e+19   2.0586464e+17   1.6711154e+19   2.2759709e+17   1.6712194e+19   2.2581666e+17
  4.4084752e+02   1.6712235e+19   2.0724606e+17   1.6714398e+19   2.2697676e+17   1.6715009e+19   2.2533371e+17
  4.9012742e+02   1.6713879e+19   2.0928074e+17   1.6717776e+19   2.2639528e+17   1.6718127e+19   2.2490554e+17
  5.4491605e+02   1.6715659e+19   2.1152961e+17   1.6720994e+19   2.2561317e+17   1.6721265e+19   2.2426299e+17
  6.0582920e+02   1.6718053e+19   2.1406472e+17   1.6724289e+19   2.2457329e+17   1.6724613e+19   2.2339560e+17
  6.7355149e+02   1.6720637e+19   2.1680613e+17   1.6727541e+19   2.2363416e+17   1.6728104e+19   2.2264150e+17
  7.4884408e+02   1.6723096e+19   2.1889069e+17   1.6730345e+19   2.2255686e+17   1.6731150e+19   2.2175337e+17
  8.3255321e+02   1.6726200e+19   2.2056363e+17   1.6733358e+19   2.2162553e+17   1.6734279e+19   2.2102616e+17
  9.2561972e+02   1.6729256e+19   2.2179898e+17   1.6736001e+19   2.2082978e+17   1.6737003e+19   2.2041858e+17
  1.0290896e+03   1.6732978e+19   2.2220389e+17   1.6738743e+19   2.2034699e+17   1.6739894e+19   2.2004632e+17
  1.1441258e+03   1.6736727e+19   2.2213681e+17   1.6741585e+19   2.2004531e+17   1.6742848e+19   2.1976215e+17
  1.2720213e+03   1.6740911e+19   2.2210476e+17   1.6744835e+19   2.1980342e+17   1.6746144e+19   2.1950661e+17
  1.4142136e+03   1.6744522e+19   2.2224143e+17   1.6748602e+19   2.1959678e+17   1.6749976e+19   2.1932320e+17
  1.5723007e+03   1.6748456e+19   2.2253362e+17   1.6753204e+19   2.1941808e+17   1.6754625e+19   2.1915178e+17
  1.7480594e+03   1.6753303e+19   2.2243064e+17   1.6758742e+19   2.1936792e+17   1.6760252e+19   2.1902019e+17
  1.9434653e+03   1.6760048e+19   2.2157926e+17   1.6765184e+19   2.1929375e+17   1.6766980e+19   2.1883777e+17
  2.1607146e+03   1.6768820e+19   2.2017831e+17   1.6772911e+19   2.1914307e+17   1.6774880e+19   2.1864111e+17
  2.4022489e+03   1.6779041e+19   2.1889354e+17   1.6782523e+19   2.1900725e+17   1.6784274e+19   2.1854599e+17
  2.6707830e+03   1.6791003e+19   2.1815928e+17   1.6794200e+19   2.1912039e+17   1.6795922e+19   2.1864028e+17
  2.9693350e+03   1.6804798e+19   2.1743337e+17   1.6807593e+19   2.1900200e+17   1.6809299e+19   2.1852466e+17
  3.3012605e+03   1.6820672e+19   2.1714161e+17   1.6823361e+19   2.1887633e+17   1.6824997e+19   2.1847757e+17
  3.6702901e+03   1.6839707e+19   2.1710974e+17   1.6842204e+19   2.1892495e+17   1.6843833e+19   2.1847624e+17
  4.0805715e+03   1.6862900e+19   2.1695219e+17   1.6865046e+19   2.1886718e+17   1.6866469e+19   2.1853019e+17
  4.5367160e+03   1.6889220e+19   2.1664936e+17   1.6890414e+19   2.1845726e+17   1.6891886e+19   2.1819502e+17
  5.0438504e+03   1.6924502e+19   2.1898906e+17   1.6925082e+19   2.2007410e+17   1.6926714e+19   2.1990670e+17
  5.6076745e+03   1.6963447e+19   2.2122702e+17   1.6964444e+19   2.2175270e+17   1.6965984e+19   2.2154409e+17
  6.2345254e+03   1.7010761e+19   2.2419934e+17   1.7011386e+19   2.2530437e+17   1.7013016e+19   2.2508950e+17
  6.9314484e+03   1.7070136e+19   2.2917236e+17   1.7069762e+19   2.3092939e+17   1.7071254e+19   2.3076071e+17
  7.7062767e+03   1.7141402e+19   2.3586499e+17   1.7141881e+19   2.3819415e+17   1.7143373e+19   2.3800215e+17
  8.5677186e+03   1.7230689e+19   2.4886059e+17   1.7233522e+19   2.5006339e+17   1.7235290e+19   2.4986812e+17
  9.5254565e+03   1.7348351e+19   2.7085994e+17   1.7357560e+19   2.6919068e+17   1.7359525e+19   2.6903045e+17
  1.0590254e+04   1.7509657e+19   3.0187792e+17   1.7530786e+19   2.9837062e+17   1.7532855e+19   2.9814999e+17
  1.1774080e+04   1.7756047e+19   3.4804763e+17   1.7786924e+19   3.4255083e+17   1.7789190e+19   3.4225892e+17
  1.3090240e+04   1.8156637e+19   4.1251269e+17   1.8177129e+19   4.0387124e+17   1.8179825e+19   4.0348019e+17
  1.4553525e+04   1.8744734e+19   4.8648501e+17   1.8753646e+19   4.7649024e+17   1.8756957e+19   4.7569306e+17
  1.6180383e+04   1.9411987e+19   5.9549284e+17   1.9405716e+19   5.9460635e+17   1.9409167e+19   5.9306758e+17
  1.7989098e+04   1.9454267e+19   8.8291537e+17   1.9442238e+19   8.8234507e+17   1.9448039e+19   8.8084577e+17
