  1.0000000e+02   1.0000000e+00   1.0536712e-08   1.0000000e+00   1.4901161e-08   1.0000000e+00   1.4901161e-08
  1.1117845e+02   1.0000000e+00   0.0000000e+00   1.0000000e+00   0.0000000e+00   1.0000000e+00   0.0000000e+00
  1.2360647e+02   1.0000000e+00   0.0000000e+00   1.0000000e+00   1.4901161e-08   1.0000000e+00   1.0536712e-08
  1.3742375e+02   1.0000000e+00   0.0000000e+00   1.0000000e+00   0.0000000e+00   1.0000000e+00   0.0000000e+00
  1.5278559e+02   1.0000000e+00   0.0000000e+00   1.0000000e+00   0.0000000e+00   1.0000000e+00   0.0000000e+00
  1.6986465e+02   1.0000000e+00   1.4901161e-08   1.0000000e+00   1.4901161e-08   1.0000000e+00   0.0000000e+00
  1.8885287e+02   1.0000000e+00   0.0000000e+00   1.0000000e+00   1.0536712e-08   1.0000000e+00   1.0536712e-08
  2.0996369e+02   1.0000000e+00   0.0000000e+00   1.0000000e+00   0.0000000e+00   1.0000000e+00   0.0000000e+00
  2.3343437e+02   1.0000000e+00   0.0000000e+00   1.0000000e+00   0.0000000e+00   1.0000000e+00   1.4901161e-08
  2.5952870e+02   1.0000000e+00   1.4901161e-08   1.0000000e+00   1.0536712e-08   1.0000000e+00   1.0536712e-08
  2.8853998e+02   1.0000000e+00   0.0000000e+00   1.0000000e+00   0.0000000e+00   1.0000000e+00   0.0000000e+00
  3.2079427e+02   1.0000000e+00   1.4901161e-08   1.0000000e+00   1.0536712e-08   1.0000000e+00   1.0536712e-08
  3.5665408e+02   1.0000000e+00   0.0000000e+00   1.0000000e+00   0.0000000e+00   1.0000000e+00   0.0000000e+00
  3.9652247e+02   1.0000000e+00   0.0000000e+00   1.0000000e+00   0.0000000e+00   1.0000000e+00   0.0000000e+00
  4.4084752e+02   1.0000000e+00   0.0000000e+00   1.0000000e+00   0.0000000e+00   1.0000000e+00   0.0000000e+00
  4.9012742e+02   1.0000000e+00   0.0000000e+00   1.0000000e+00   0.0000000e+00   1.0000000e+00   0.0000000e+00
  5.4491605e+02   1.0000000e+00   1.4901161e-08   1.0000000e+00   0.0000000e+00   1.0000000e+00   1.0536712e-08
  6.0582920e+02   1.0000000e+00   0.0000000e+00   1.0000000e+00   0.0000000e+00   1.0000000e+00   0.0000000e+00
  6.7355149e+02   1.0000000e+00   0.0000000e+00   1.0000000e+00   0.0000000e+00   1.0000000e+00   0.0000000e+00
  7.4884408e+02   1.0000000e+00   0.0000000e+00   1.0000000e+00   0.0000000e+00   1.0000000e+00   1.0536712e-08
  8.3255321e+02   1.0000000e+00   1.4901161e-08   1.0000000e+00   0.0000000e+00   1.0000000e+00   0.0000000e+00
  9.2561972e+02   1.0000000e+00   0.0000000e+00   1.0000000e+00   0.0000000e+00   1.0000000e+00   0.0000000e+00
  1.0290896e+03   1.0000000e+00   1.4901161e-08   1.0000000e+00   0.0000000e+00   1.0000000e+00   1.0536712e-08
  1.1441258e+03   1.0000000e+00   0.0000000e+00   1.0000000e+00   0.0000000e+00   1.0000000e+00   0.0000000e+00
  1.2720213e+03   1.0000000e+00   0.0000000e+00   1.0000000e+00   0.0000000e+00   1.0000000e+00   0.0000000e+00
  1.4142136e+03   1.0000000e+00   1.0536712e-08   1.0000000e+00   0.0000000e+00   1.0000000e+00   0.0000000e+00
  1.5723007e+03   1.0000000e+00   0.0000000e+00   1.0000000e+00   0.0000000e+00   1.0000000e+00   0.0000000e+00
  1.7480594e+03   1.0000000e+00   0.0000000e+00   1.0000000e+00   0.0000000e+00   1.0000000e+00   0.0000000e+00
  1.9434653e+03   1.0000000e+00   0.0000000e+00   1.0000000e+00   0.0000000e+00   1.0000000e+00   0.0000000e+00
  2.1607146e+03   1.0000000e+00   0.0000000e+00   1.0000000e+00   0.0000000e+00   1.0000000e+00   0.0000000e+00
  2.4022489e+03   1.0000000e+00   0.0000000e+00   1.0000000e+00   1.4901161e-08   1.0000000e+00   1.4901161e-08
  2.6707830e+03   1.0000000e+00   0.0000000e+00   1.0000000e+00   0.0000000e+00   1.0000000e+00   0.0000000e+00
  2.9693350e+03   1.0000000e+00   1.4901161e-08   1.0000000e+00   1.4901161e-08   1.0000000e+00   0.0000000e+00
  3.3012605e+03   1.0000000e+00   0.0000000e+00   1.0000000e+00   0.0000000e+00   1.0000000e+00   0.0000000e+00
  3.6702901e+03   1.0000000e+00   0.0000000e+00   1.0000000e+00   0.0000000e+00   1.0000000e+00   0.0000000e+00
  4.0805715e+03   1.0000000e+00   0.0000000e+00   1.0000000e+00   0.0000000e+00   1.0000000e+00   0.0000000e+00
  4.5367160e+03   1.0000000e+00   0.0000000e+00   1.0000000e+00   0.0000000e+00   1.0000000e+00   0.0000000e+00
  5.0438504e+03   1.0000000e+00   0.0000000e+00   1.0000000e+00   0.0000000e+00   1.0000000e+00   0.0000000e+00
  5.6076745e+03   1.0000000e+00   0.0000000e+00   1.0000000e+00   0.0000000e+00   1.0000000e+00   0.0000000e+00
  6.2345254e+03   1.0000000e+00   0.0000000e+00   1.0000000e+00   0.0000000e+00   1.0000000e+00   0.0000000e+00
  6.9314484e+03   1.0000000e+00   0.0000000e+00   1.0000000e+00   0.0000000e+00   1.0000000e+00   0.0000000e+00
  7.7062767e+03   1.0000000e+00   0.0000000e+00   1.0000000e+00   0.0000000e+00   1.0000000e+00   0.0000000e+00
  8.5677186e+03   1.0000000e+00   0.0000000e+00   1.0000000e+00   2.1073424e-08   1.0000000e+00   1.8250121e-08
  9.5254565e+03   1.0000000e+00   0.0000000e+00   1.0000000e+00   0.0000000e+00   1.0000000e+00   0.0000000e+00
  1.0590254e+04   1.0000000e+00   0.0000000e+00   1.0000000e+00   0.0000000e+00   1.0000000e+00   0.0000000e+00
  1.1774080e+04   1.0000000e+00   0.0000000e+00   1.0000000e+00   0.0000000e+00   1.0000000e+00   0.0000000e+00
  1.3090240e+04   1.0000000e+00   0.0000000e+00   1.0000000e+00   0.0000000e+00   1.0000000e+00   0.0000000e+00
  1.4553525e+04   1.0000000e+00   0.0000000e+00   1.0000000e+00   0.0000000e+00   1.0000000e+00   0.0000000e+00
  1.6180383e+04   1.0000000e+00   0.0000000e+00   1.0000000e+00   0.0000000e+00   1.0000000e+00   0.0000000e+00
  1.7989098e+04   1.0000000e+00   0.0000000e+00   1.0000000e+00   0.0000000e+00   1.0000000e+00   0.0000000e+00
