  1.0000000e+02   1.6703050e+19   2.0579189e+17   1.6692396e+19   2.2274431e+17   1.6696559e+19   2.2268806e+17
  1.1117845e+02   1.6703311e+19   2.0581041e+17   1.6692662e+19   2.2278159e+17   1.6696825e+19   2.2271977e+17
  1.2360647e+02   1.6701999e+19   2.0230366e+17   1.6693112e+19   2.1999385e+17   1.6696924e+19   2.2009282e+17
  1.3742375e+02   1.6702378e+19   2.0187295e+17   1.6693668e+19   2.1969316e+17   1.6697401e+19   2.1980389e+17
  1.5278559e+02   1.6702739e+19   2.0172691e+17   1.6694089e+19   2.1959770e+17   1.6697798e+19   2.1971285e+17
  1.6986465e+02   1.6703342e+19   2.0302665e+17   1.6695735e+19   2.2098762e+17   1.6699121e+19   2.2095224e+17
  1.8885287e+02   1.6703945e+19   2.0334842e+17   1.6696650e+19   2.2134971e+17   1.6699919e+19   2.2127020e+17
  2.0996369e+02   1.6704924e+19   2.0379279e+17   1.6698690e+19   2.2211057e+17   1.6701814e+19   2.2191099e+17
  2.3343437e+02   1.6706127e+19   2.0429492e+17   1.6701233e+19   2.2300830e+17   1.6704200e+19   2.2266229e+17
  2.5952870e+02   1.6706861e+19   2.0426219e+17   1.6703232e+19   2.2318853e+17   1.6705932e+19   2.2276411e+17
  2.8853998e+02   1.6707442e+19   2.0400205e+17   1.6705249e+19   2.2308512e+17   1.6707586e+19   2.2260270e+17
  3.2079427e+02   1.6708397e+19   2.0464454e+17   1.6708347e+19   2.2347300e+17   1.6710258e+19   2.2291356e+17
  3.5665408e+02   1.6709653e+19   2.0560761e+17   1.6711503e+19   2.2376985e+17   1.6712936e+19   2.2317539e+17
  3.9652247e+02   1.6711031e+19   2.0677055e+17   1.6714653e+19   2.2380959e+17   1.6715633e+19   2.2322047e+17
  4.4084752e+02   1.6712497e+19   2.0826130e+17   1.6717797e+19   2.2361154e+17   1.6718450e+19   2.2306390e+17
  4.9012742e+02   1.6714257e+19   2.1025369e+17   1.6721072e+19   2.2353486e+17   1.6721506e+19   2.2302996e+17
  5.4491605e+02   1.6716116e+19   2.1230733e+17   1.6724193e+19   2.2331649e+17   1.6724551e+19   2.2283915e+17
  6.0582920e+02   1.6718604e+19   2.1469721e+17   1.6727467e+19   2.2293723e+17   1.6727771e+19   2.2252551e+17
  6.7355149e+02   1.6721275e+19   2.1711583e+17   1.6730614e+19   2.2257968e+17   1.6731024e+19   2.2221896e+17
  7.4884408e+02   1.6723816e+19   2.1906420e+17   1.6733582e+19   2.2212643e+17   1.6734057e+19   2.2182846e+17
  8.3255321e+02   1.6727028e+19   2.2057173e+17   1.6736581e+19   2.2153951e+17   1.6737050e+19   2.2134309e+17
  9.2561972e+02   1.6730353e+19   2.2188003e+17   1.6739426e+19   2.2112723e+17   1.6739896e+19   2.2104071e+17
  1.0290896e+03   1.6734457e+19   2.2236969e+17   1.6742270e+19   2.2076278e+17   1.6742898e+19   2.2072452e+17
  1.1441258e+03   1.6738794e+19   2.2245279e+17   1.6745344e+19   2.2052462e+17   1.6746181e+19   2.2040854e+17
  1.2720213e+03   1.6743751e+19   2.2268096e+17   1.6748796e+19   2.2033849e+17   1.6749780e+19   2.2012765e+17
  1.4142136e+03   1.6748056e+19   2.2296049e+17   1.6752635e+19   2.2007060e+17   1.6753754e+19   2.1985175e+17
  1.5723007e+03   1.6752630e+19   2.2331008e+17   1.6757475e+19   2.1985970e+17   1.6758632e+19   2.1966458e+17
  1.7480594e+03   1.6757840e+19   2.2305128e+17   1.6763210e+19   2.1969207e+17   1.6764407e+19   2.1938747e+17
  1.9434653e+03   1.6764735e+19   2.2197131e+17   1.6769994e+19   2.1947510e+17   1.6771504e+19   2.1899630e+17
  2.1607146e+03   1.6773707e+19   2.2020659e+17   1.6777948e+19   2.1909130e+17   1.6779775e+19   2.1856297e+17
  2.4022489e+03   1.6784121e+19   2.1833812e+17   1.6787742e+19   2.1855216e+17   1.6789367e+19   2.1820143e+17
  2.6707830e+03   1.6796120e+19   2.1711697e+17   1.6799630e+19   2.1836447e+17   1.6801110e+19   2.1801604e+17
  2.9693350e+03   1.6810043e+19   2.1588460e+17   1.6813341e+19   2.1794013e+17   1.6814769e+19   2.1749277e+17
  3.3012605e+03   1.6826205e+19   2.1517265e+17   1.6829453e+19   2.1754152e+17   1.6830871e+19   2.1712690e+17
  3.6702901e+03   1.6845326e+19   2.1490185e+17   1.6848390e+19   2.1722994e+17   1.6849774e+19   2.1681798e+17
  4.0805715e+03   1.6868483e+19   2.1459590e+17   1.6871428e+19   2.1684690e+17   1.6872659e+19   2.1653666e+17
  4.5367160e+03   1.6895212e+19   2.1426020e+17   1.6897343e+19   2.1625785e+17   1.6898590e+19   2.1603985e+17
  5.0438504e+03   1.6929480e+19   2.1646049e+17   1.6931219e+19   2.1750667e+17   1.6932628e+19   2.1740631e+17
  5.6076745e+03   1.6967961e+19   2.1874848e+17   1.6970351e+19   2.1905970e+17   1.6971702e+19   2.1893078e+17
  6.2345254e+03   1.7014776e+19   2.2168346e+17   1.7016763e+19   2.2248899e+17   1.7018200e+19   2.2229157e+17
  6.9314484e+03   1.7073546e+19   2.2694599e+17   1.7074800e+19   2.2821208e+17   1.7076024e+19   2.2813397e+17
  7.7062767e+03   1.7144284e+19   2.3366472e+17   1.7146492e+19   2.3543601e+17   1.7147739e+19   2.3529890e+17
  8.5677186e+03   1.7233057e+19   2.4692436e+17   1.7237769e+19   2.4743256e+17   1.7239440e+19   2.4728392e+17
  9.5254565e+03   1.7350049e+19   2.6928605e+17   1.7361670e+19   2.6664178e+17   1.7363472e+19   2.6653666e+17
  1.0590254e+04   1.7510708e+19   3.0064202e+17   1.7534661e+19   2.9578165e+17   1.7536540e+19   2.9561592e+17
  1.1774080e+04   1.7756988e+19   3.4689842e+17   1.7791023e+19   3.3968319e+17   1.7793103e+19   3.3941268e+17
  1.3090240e+04   1.8157688e+19   4.1152237e+17   1.8181591e+19   4.0054379e+17   1.8184102e+19   4.0018619e+17
  1.4553525e+04   1.8745394e+19   4.8567054e+17   1.8757937e+19   4.7267983e+17   1.8761201e+19   4.7188646e+17
  1.6180383e+04   1.9421334e+19   5.9049433e+17   1.9419565e+19   5.8620652e+17   1.9422736e+19   5.8472441e+17
  1.7989098e+04   1.9454762e+19   8.7980081e+17   1.9448800e+19   8.7640112e+17   1.9454368e+19   8.7497135e+17
