  1.0000000e+02   1.5373927e+19   1.1730185e+15   1.5374852e+19   3.5386894e+16   1.5374725e+19   3.2932485e+16
  1.1117845e+02   1.5374584e+19   1.3542972e+15   1.5375822e+19   4.0941381e+16   1.5375653e+19   3.8105079e+16
  1.2360647e+02   1.5375403e+19   3.5965956e+15   1.5384508e+19   1.1064364e+17   1.5383388e+19   1.0382536e+17
  1.3742375e+02   1.5376416e+19   5.1493913e+15   1.5395133e+19   1.5804133e+17   1.5392874e+19   1.4855707e+17
  1.5278559e+02   1.5377666e+19   6.4272897e+15   1.5406859e+19   1.9653707e+17   1.5403390e+19   1.8502109e+17
  1.6986465e+02   1.5379257e+19   1.1006942e+16   1.5465190e+19   3.2994063e+17   1.5455703e+19   3.1280495e+17
  1.8885287e+02   1.5381235e+19   1.5317455e+16   1.5541053e+19   4.3645969e+17   1.5524538e+19   4.1675065e+17
  2.0996369e+02   1.5383700e+19   2.0074538e+16   1.5643592e+19   5.3265579e+17   1.5618815e+19   5.1309635e+17
  2.3343437e+02   1.5386795e+19   2.5994379e+16   1.5782770e+19   6.1504179e+17   1.5749526e+19   5.9972548e+17
  2.5952870e+02   1.5390586e+19   3.1044208e+16   1.5895336e+19   6.5300821e+17   1.5858827e+19   6.4336443e+17
  2.8853998e+02   1.5395234e+19   3.5603967e+16   1.5987841e+19   6.6859890e+17   1.5951164e+19   6.6405993e+17
  3.2079427e+02   1.5401047e+19   4.1617626e+16   1.6086520e+19   6.7213351e+17   1.6052077e+19   6.7272844e+17
  3.5665408e+02   1.5408270e+19   4.8490333e+16   1.6175341e+19   6.6340766e+17   1.6144095e+19   6.6779731e+17
  3.9652247e+02   1.5417316e+19   5.7159969e+16   1.6258035e+19   6.4479109e+17   1.6230876e+19   6.5179851e+17
  4.4084752e+02   1.5428763e+19   6.8816687e+16   1.6336657e+19   6.1703409e+17   1.6314419e+19   6.2548493e+17
  4.9012742e+02   1.5443301e+19   8.3837631e+16   1.6404915e+19   5.8417676e+17   1.6386787e+19   5.9320366e+17
  5.4491605e+02   1.5461920e+19   1.0313758e+17   1.6461471e+19   5.4956817e+17   1.6447579e+19   5.5808112e+17
  6.0582920e+02   1.5486127e+19   1.2837317e+17   1.6509903e+19   5.1386749e+17   1.6499771e+19   5.2131612e+17
  6.7355149e+02   1.5518350e+19   1.6201156e+17   1.6548430e+19   4.8064484e+17   1.6541323e+19   4.8689849e+17
  7.4884408e+02   1.5560718e+19   2.0160137e+17   1.6579797e+19   4.4927027e+17   1.6575004e+19   4.5437026e+17
  8.3255321e+02   1.5619091e+19   2.5242518e+17   1.6609346e+19   4.1664265e+17   1.6606184e+19   4.2077634e+17
  9.2561972e+02   1.5697696e+19   3.0888927e+17   1.6633521e+19   3.8642707e+17   1.6631300e+19   3.8999280e+17
  1.0290896e+03   1.5803701e+19   3.6788858e+17   1.6656181e+19   3.5588957e+17   1.6654853e+19   3.5884728e+17
  1.1441258e+03   1.5940914e+19   4.1810644e+17   1.6677735e+19   3.2497124e+17   1.6677213e+19   3.2719730e+17
  1.2720213e+03   1.6110964e+19   4.4653807e+17   1.6698559e+19   2.9426243e+17   1.6698609e+19   2.9582841e+17
  1.4142136e+03   1.6299460e+19   4.3546824e+17   1.6717752e+19   2.6627163e+17   1.6718275e+19   2.6726498e+17
  1.5723007e+03   1.6482362e+19   3.8047786e+17   1.6734903e+19   2.4364104e+17   1.6735819e+19   2.4408335e+17
  1.7480594e+03   1.6629460e+19   2.9985112e+17   1.6749621e+19   2.2853244e+17   1.6750868e+19   2.2849494e+17
  1.9434653e+03   1.6720534e+19   2.3679867e+17   1.6761749e+19   2.2102956e+17   1.6763440e+19   2.2065378e+17
  2.1607146e+03   1.6763230e+19   2.1684416e+17   1.6772281e+19   2.1880325e+17   1.6774225e+19   2.1830006e+17
  2.4022489e+03   1.6781188e+19   2.1804717e+17   1.6782827e+19   2.1888102e+17   1.6784582e+19   2.1841469e+17
  2.6707830e+03   1.6792871e+19   2.1979799e+17   1.6794554e+19   2.1942781e+17   1.6796285e+19   2.1895478e+17
  2.9693350e+03   1.6805550e+19   2.1886711e+17   1.6807772e+19   2.1934095e+17   1.6809484e+19   2.1887343e+17
  3.3012605e+03   1.6820863e+19   2.1771246e+17   1.6823416e+19   2.1903848e+17   1.6825053e+19   2.1864440e+17
  3.6702901e+03   1.6839738e+19   2.1723100e+17   1.6842214e+19   2.1896459e+17   1.6843843e+19   2.1851703e+17
  4.0805715e+03   1.6862903e+19   2.1696576e+17   1.6865047e+19   2.1887207e+17   1.6866470e+19   2.1853523e+17
  4.5367160e+03   1.6889220e+19   2.1665022e+17   1.6890414e+19   2.1845758e+17   1.6891886e+19   2.1819535e+17
  5.0438504e+03   1.6924502e+19   2.1898909e+17   1.6925082e+19   2.2007411e+17   1.6926714e+19   2.1990671e+17
  5.6076745e+03   1.6963447e+19   2.2122702e+17   1.6964444e+19   2.2175270e+17   1.6965984e+19   2.2154409e+17
  6.2345254e+03   1.7010761e+19   2.2419934e+17   1.7011386e+19   2.2530437e+17   1.7013016e+19   2.2508950e+17
  6.9314484e+03   1.7070136e+19   2.2917236e+17   1.7069762e+19   2.3092939e+17   1.7071254e+19   2.3076071e+17
  7.7062767e+03   1.7141402e+19   2.3586499e+17   1.7141881e+19   2.3819415e+17   1.7143373e+19   2.3800215e+17
  8.5677186e+03   1.7230689e+19   2.4886059e+17   1.7233522e+19   2.5006339e+17   1.7235290e+19   2.4986812e+17
  9.5254565e+03   1.7348351e+19   2.7085994e+17   1.7357560e+19   2.6919068e+17   1.7359525e+19   2.6903045e+17
  1.0590254e+04   1.7509657e+19   3.0187792e+17   1.7530786e+19   2.9837062e+17   1.7532855e+19   2.9814999e+17
  1.1774080e+04   1.7756047e+19   3.4804763e+17   1.7786924e+19   3.4255083e+17   1.7789190e+19   3.4225892e+17
  1.3090240e+04   1.8156637e+19   4.1251269e+17   1.8177129e+19   4.0387124e+17   1.8179825e+19   4.0348019e+17
  1.4553525e+04   1.8744734e+19   4.8648501e+17   1.8753646e+19   4.7649024e+17   1.8756957e+19   4.7569306e+17
  1.6180383e+04   1.9411987e+19   5.9549284e+17   1.9405716e+19   5.9460635e+17   1.9409167e+19   5.9306758e+17
  1.7989098e+04   1.9454267e+19   8.8291537e+17   1.9442238e+19   8.8234507e+17   1.9448039e+19   8.8084577e+17
