  1.0000000e+02   4.5315159e-10   4.2847797e-12   4.5371281e-10   3.9954796e-12   4.5380851e-10   3.9533940e-12
  1.1117845e+02   4.5313868e-10   4.2792087e-12   4.5369972e-10   3.9910736e-12   4.5379558e-10   3.9488838e-12
  1.2360647e+02   4.5299852e-10   4.2834437e-12   4.5356924e-10   4.0133312e-12   4.5364458e-10   3.9835883e-12
  1.3742375e+02   4.5296656e-10   4.2786307e-12   4.5353635e-10   4.0127600e-12   4.5361078e-10   3.9837971e-12
  1.5278559e+02   4.5294276e-10   4.2717849e-12   4.5351257e-10   4.0082891e-12   4.5358662e-10   3.9795930e-12
  1.6986465e+02   4.5294339e-10   4.2652501e-12   4.5350681e-10   4.0002210e-12   4.5357087e-10   3.9742686e-12
  1.8885287e+02   4.5292217e-10   4.2569900e-12   4.5348446e-10   3.9935509e-12   4.5354589e-10   3.9683637e-12
  2.0996369e+02   4.5291476e-10   4.2475408e-12   4.5344973e-10   3.9919908e-12   4.5350865e-10   3.9677773e-12
  2.3343437e+02   4.5290747e-10   4.2366169e-12   4.5340753e-10   3.9917447e-12   4.5346396e-10   3.9685939e-12
  2.5952870e+02   4.5287160e-10   4.2247917e-12   4.5334580e-10   3.9920994e-12   4.5339657e-10   3.9714322e-12
  2.8853998e+02   4.5282290e-10   4.2117885e-12   4.5326975e-10   3.9932056e-12   4.5331310e-10   3.9757036e-12
  3.2079427e+02   4.5278983e-10   4.1952132e-12   4.5318256e-10   3.9977642e-12   4.5321704e-10   3.9839553e-12
  3.5665408e+02   4.5275112e-10   4.1761802e-12   4.5309209e-10   3.9995467e-12   4.5311574e-10   3.9897804e-12
  3.9652247e+02   4.5270174e-10   4.1549396e-12   4.5298754e-10   4.0009553e-12   4.5300155e-10   3.9947682e-12
  4.4084752e+02   4.5264282e-10   4.1313141e-12   4.5286562e-10   4.0027089e-12   4.5287383e-10   3.9989681e-12
  4.9012742e+02   4.5258241e-10   4.1043822e-12   4.5274180e-10   4.0011414e-12   4.5274207e-10   4.0002317e-12
  5.4491605e+02   4.5251639e-10   4.0746877e-12   4.5260921e-10   3.9972059e-12   4.5260246e-10   3.9987121e-12
  6.0582920e+02   4.5244425e-10   4.0429872e-12   4.5247001e-10   3.9904562e-12   4.5245731e-10   3.9938717e-12
  6.7355149e+02   4.5235727e-10   4.0090666e-12   4.5233156e-10   3.9787109e-12   4.5231147e-10   3.9840772e-12
  7.4884408e+02   4.5226421e-10   3.9728554e-12   4.5219398e-10   3.9619557e-12   4.5216871e-10   3.9684023e-12
  8.3255321e+02   4.5216241e-10   3.9335330e-12   4.5205511e-10   3.9401731e-12   4.5202750e-10   3.9468345e-12
  9.2561972e+02   4.5203980e-10   3.8927900e-12   4.5191177e-10   3.9128555e-12   4.5188175e-10   3.9196489e-12
  1.0290896e+03   4.5188956e-10   3.8512480e-12   4.5176178e-10   3.8792238e-12   4.5173483e-10   3.8851035e-12
  1.1441258e+03   4.5171242e-10   3.8069367e-12   4.5159370e-10   3.8400211e-12   4.5157362e-10   3.8443592e-12
  1.2720213e+03   4.5150136e-10   3.7595579e-12   4.5139919e-10   3.7957034e-12   4.5138511e-10   3.7987524e-12
  1.4142136e+03   4.5125431e-10   3.7076004e-12   4.5117993e-10   3.7445651e-12   4.5117123e-10   3.7463530e-12
  1.5723007e+03   4.5096286e-10   3.6512395e-12   4.5092884e-10   3.6864556e-12   4.5092338e-10   3.6873301e-12
  1.7480594e+03   4.5061533e-10   3.5927457e-12   4.5063682e-10   3.6209974e-12   4.5063265e-10   3.6216269e-12
  1.9434653e+03   4.5021687e-10   3.5314515e-12   4.5029757e-10   3.5478628e-12   4.5029690e-10   3.5477843e-12
  2.1607146e+03   4.4978914e-10   3.4616363e-12   4.4990501e-10   3.4672823e-12   4.4990487e-10   3.4668589e-12
  2.4022489e+03   4.4932166e-10   3.3809628e-12   4.4944387e-10   3.3812345e-12   4.4944020e-10   3.3802806e-12
  2.6707830e+03   4.4879943e-10   3.2872092e-12   4.4889371e-10   3.2912206e-12   4.4888930e-10   3.2902432e-12
  2.9693350e+03   4.4818970e-10   3.1963593e-12   4.4823574e-10   3.2066739e-12   4.4823588e-10   3.2056145e-12
  3.3012605e+03   4.4745038e-10   3.1236523e-12   4.4745719e-10   3.1360127e-12   4.4745507e-10   3.1344694e-12
  3.6702901e+03   4.4651632e-10   3.0859552e-12   4.4651300e-10   3.0914664e-12   4.4651337e-10   3.0909415e-12
  4.0805715e+03   4.4536947e-10   3.0868618e-12   4.4536367e-10   3.0860009e-12   4.4536109e-10   3.0851154e-12
  4.5367160e+03   4.4397031e-10   3.1384542e-12   4.4396521e-10   3.1378826e-12   4.4396434e-10   3.1377896e-12
  5.0438504e+03   4.4218538e-10   3.2700273e-12   4.4217235e-10   3.2727676e-12   4.4216968e-10   3.2728213e-12
  5.6076745e+03   4.3990761e-10   3.5373835e-12   4.3985813e-10   3.5459886e-12   4.3985099e-10   3.5474835e-12
  6.2345254e+03   4.3695537e-10   4.0034336e-12   4.3683918e-10   4.0538620e-12   4.3683662e-10   4.0547698e-12
  6.9314484e+03   4.3299068e-10   4.6619236e-12   4.3271924e-10   4.8275250e-12   4.3271461e-10   4.8293801e-12
  7.7062767e+03   4.2757697e-10   5.4281032e-12   4.2715863e-10   5.7344802e-12   4.2715043e-10   5.7400993e-12
  8.5677186e+03   4.1985727e-10   6.3769796e-12   4.1954285e-10   6.6152359e-12   4.1953553e-10   6.6194998e-12
  9.5254565e+03   4.0990926e-10   7.3355253e-12   4.0989551e-10   7.3369604e-12   4.0988610e-10   7.3434682e-12
  1.0590254e+04   4.0026410e-10   8.7032212e-12   4.0047125e-10   8.5891213e-12   4.0045769e-10   8.5957490e-12
  1.1774080e+04   4.0032518e-10   1.1115633e-11   4.0009139e-10   1.1230130e-11   4.0007824e-10   1.1236427e-11
  1.3090240e+04   4.0282366e-10   1.1066183e-11   4.0225302e-10   1.1357166e-11   4.0223707e-10   1.1364711e-11
  1.4553525e+04   4.0279317e-10   1.0959071e-11   4.0226718e-10   1.1221330e-11   4.0225515e-10   1.1226938e-11
  1.6180383e+04   4.0218966e-10   1.1253903e-11   4.0216620e-10   1.1268319e-11   4.0214846e-10   1.1276337e-11
  1.7989098e+04   4.0178569e-10   1.1431813e-11   4.0207524e-10   1.1309519e-11   4.0206908e-10   1.1312299e-11
