  1.0000000e+02  -4.1630075e+00   1.0428015e-02  -4.1654140e+00   1.0712485e-02  -4.1654946e+00   1.0778091e-02
  1.1117845e+02  -4.1629738e+00   1.0438182e-02  -4.1653806e+00   1.0722024e-02  -4.1654615e+00   1.0787950e-02
  1.2360647e+02  -4.1632782e+00   1.0341749e-02  -4.1656483e+00   1.0567142e-02  -4.1656964e+00   1.0621857e-02
  1.3742375e+02  -4.1632636e+00   1.0339190e-02  -4.1656299e+00   1.0558342e-02  -4.1656754e+00   1.0613126e-02
  1.5278559e+02  -4.1632291e+00   1.0347142e-02  -4.1655949e+00   1.0563171e-02  -4.1656393e+00   1.0618147e-02
  1.6986465e+02  -4.1630458e+00   1.0381908e-02  -4.1654666e+00   1.0607904e-02  -4.1655246e+00   1.0651332e-02
  1.8885287e+02  -4.1629543e+00   1.0400433e-02  -4.1653876e+00   1.0628965e-02  -4.1654497e+00   1.0669470e-02
  2.0996369e+02  -4.1627757e+00   1.0435975e-02  -4.1652424e+00   1.0656680e-02  -4.1653072e+00   1.0695017e-02
  2.3343437e+02  -4.1625686e+00   1.0476110e-02  -4.1650666e+00   1.0687120e-02  -4.1651337e+00   1.0723588e-02
  2.5952870e+02  -4.1624642e+00   1.0497655e-02  -4.1649665e+00   1.0686733e-02  -4.1650342e+00   1.0718360e-02
  2.8853998e+02  -4.1623899e+00   1.0514516e-02  -4.1648908e+00   1.0671390e-02  -4.1649586e+00   1.0696414e-02
  3.2079427e+02  -4.1622429e+00   1.0552656e-02  -4.1647321e+00   1.0667582e-02  -4.1647971e+00   1.0685569e-02
  3.5665408e+02  -4.1621039e+00   1.0594252e-02  -4.1645701e+00   1.0665484e-02  -4.1646335e+00   1.0673997e-02
  3.9652247e+02  -4.1619954e+00   1.0635277e-02  -4.1644259e+00   1.0650394e-02  -4.1644839e+00   1.0650959e-02
  4.4084752e+02  -4.1619176e+00   1.0676609e-02  -4.1642958e+00   1.0619466e-02  -4.1643407e+00   1.0617224e-02
  4.9012742e+02  -4.1618414e+00   1.0725944e-02  -4.1641416e+00   1.0596389e-02  -4.1641715e+00   1.0589577e-02
  5.4491605e+02  -4.1617761e+00   1.0779228e-02  -4.1639901e+00   1.0568328e-02  -4.1639995e+00   1.0559057e-02
  6.0582920e+02  -4.1616867e+00   1.0837561e-02  -4.1638261e+00   1.0541248e-02  -4.1638109e+00   1.0531658e-02
  6.7355149e+02  -4.1616666e+00   1.0887059e-02  -4.1636529e+00   1.0522799e-02  -4.1636132e+00   1.0511484e-02
  7.4884408e+02  -4.1615966e+00   1.0944336e-02  -4.1634536e+00   1.0519322e-02  -4.1633967e+00   1.0506890e-02
  8.3255321e+02  -4.1614940e+00   1.1009159e-02  -4.1632110e+00   1.0536006e-02  -4.1631474e+00   1.0522771e-02
  9.2561972e+02  -4.1613650e+00   1.1071115e-02  -4.1629302e+00   1.0571415e-02  -4.1628733e+00   1.0553302e-02
  1.0290896e+03  -4.1611696e+00   1.1132157e-02  -4.1625800e+00   1.0636828e-02  -4.1625422e+00   1.0616137e-02
  1.1441258e+03  -4.1608855e+00   1.1202873e-02  -4.1621777e+00   1.0718105e-02  -4.1621587e+00   1.0699346e-02
  1.2720213e+03  -4.1605001e+00   1.1284296e-02  -4.1617272e+00   1.0807595e-02  -4.1617176e+00   1.0792813e-02
  1.4142136e+03  -4.1600194e+00   1.1379501e-02  -4.1612189e+00   1.0914891e-02  -4.1612065e+00   1.0907877e-02
  1.5723007e+03  -4.1594459e+00   1.1483925e-02  -4.1606280e+00   1.1045263e-02  -4.1606105e+00   1.1044579e-02
  1.7480594e+03  -4.1588256e+00   1.1574481e-02  -4.1599224e+00   1.1206629e-02  -4.1599104e+00   1.1205626e-02
  1.9434653e+03  -4.1581913e+00   1.1647994e-02  -4.1591047e+00   1.1399474e-02  -4.1590985e+00   1.1401273e-02
  2.1607146e+03  -4.1574881e+00   1.1755960e-02  -4.1581726e+00   1.1628135e-02  -4.1581627e+00   1.1632688e-02
  2.4022489e+03  -4.1565861e+00   1.1952337e-02  -4.1570864e+00   1.1902670e-02  -4.1570529e+00   1.1914241e-02
  2.6707830e+03  -4.1553693e+00   1.2306483e-02  -4.1557587e+00   1.2255570e-02  -4.1557267e+00   1.2266182e-02
  2.9693350e+03  -4.1539169e+00   1.2760297e-02  -4.1542071e+00   1.2666715e-02  -4.1541915e+00   1.2676952e-02
  3.3012605e+03  -4.1521786e+00   1.3288216e-02  -4.1523853e+00   1.3158283e-02  -4.1523564e+00   1.3174315e-02
  3.6702901e+03  -4.1500839e+00   1.3815265e-02  -4.1501789e+00   1.3734011e-02  -4.1501699e+00   1.3741858e-02
  4.0805715e+03  -4.1475174e+00   1.4389743e-02  -4.1474951e+00   1.4395390e-02  -4.1474704e+00   1.4410734e-02
  4.5367160e+03  -4.1443768e+00   1.5026476e-02  -4.1443012e+00   1.5087539e-02  -4.1442864e+00   1.5099741e-02
  5.0438504e+03  -4.1400861e+00   1.6035367e-02  -4.1399639e+00   1.6130473e-02  -4.1399477e+00   1.6140468e-02
  5.6076745e+03  -4.1347598e+00   1.7162078e-02  -4.1344978e+00   1.7328621e-02  -4.1344577e+00   1.7354912e-02
  6.2345254e+03  -4.1278465e+00   1.8616999e-02  -4.1272535e+00   1.9043549e-02  -4.1272411e+00   1.9051753e-02
  6.9314484e+03  -4.1184730e+00   2.0423612e-02  -4.1172216e+00   2.1376466e-02  -4.1172024e+00   2.1388454e-02
  7.7062767e+03  -4.1053858e+00   2.2490937e-02  -4.1036181e+00   2.3910151e-02  -4.1035833e+00   2.3936106e-02
  8.5677186e+03  -4.0855539e+00   2.5603670e-02  -4.0842875e+00   2.6595971e-02  -4.0842601e+00   2.6614819e-02
  9.5254565e+03  -4.0578510e+00   2.9367844e-02  -4.0578153e+00   2.9383862e-02  -4.0577772e+00   2.9410067e-02
  1.0590254e+04  -4.0267813e+00   3.4730511e-02  -4.0276449e+00   3.4293296e-02  -4.0275910e+00   3.4320141e-02
  1.1774080e+04  -4.0245928e+00   4.2988054e-02  -4.0236994e+00   4.3437932e-02  -4.0236490e+00   4.3462578e-02
  1.3090240e+04  -4.0329846e+00   4.3053325e-02  -4.0307722e+00   4.4190115e-02  -4.0307109e+00   4.4219935e-02
  1.4553525e+04  -4.0329553e+00   4.2509758e-02  -4.0309138e+00   4.3526118e-02  -4.0308673e+00   4.3547985e-02
  1.6180383e+04  -4.0306392e+00   4.3669138e-02  -4.0305207e+00   4.3707475e-02  -4.0304526e+00   4.3739033e-02
  1.7989098e+04  -4.0290690e+00   4.4357625e-02  -4.0301681e+00   4.3867380e-02  -4.0301441e+00   4.3878080e-02
