  1.0000000e+02   7.3305408e+18   1.2722000e+15   7.3299427e+18   2.0913045e+16   7.3299896e+18   2.0085852e+16
  1.1117845e+02   7.3309936e+18   1.4709201e+15   7.3301920e+18   2.4212602e+16   7.3302546e+18   2.3259605e+16
  1.2360647e+02   7.3315332e+18   4.1554359e+15   7.3255386e+18   6.6080692e+16   7.3259236e+18   6.3959475e+16
  1.3742375e+02   7.3322002e+18   5.9914844e+15   7.3198500e+18   9.4472804e+16   7.3206172e+18   9.1566355e+16
  1.5278559e+02   7.3330282e+18   7.5147801e+15   7.3137239e+18   1.1759592e+17   7.3148922e+18   1.1410726e+17
  1.6986465e+02   7.3339118e+18   1.3505125e+16   7.2775460e+18   1.9572595e+17   7.2805244e+18   1.9096829e+17
  1.8885287e+02   7.3349660e+18   1.9119886e+16   7.2308941e+18   2.5658749e+17   7.2358626e+18   2.5146675e+17
  2.0996369e+02   7.3361595e+18   2.5900590e+16   7.1692126e+18   3.0855060e+17   7.1763068e+18   3.0393110e+17
  2.3343437e+02   7.3373994e+18   3.4893238e+16   7.0875927e+18   3.4908985e+17   7.0966167e+18   3.4606732e+17
  2.5952870e+02   7.3389478e+18   4.3405616e+16   7.0233417e+18   3.6549428e+17   7.0324120e+18   3.6426718e+17
  2.8853998e+02   7.3408618e+18   5.2067232e+16   6.9717259e+18   3.7033764e+17   6.9797351e+18   3.7047967e+17
  3.2079427e+02   7.3426663e+18   6.4336129e+16   6.9188450e+18   3.6731603e+17   6.9252358e+18   3.6845904e+17
  3.5665408e+02   7.3444591e+18   7.8895203e+16   6.8727686e+18   3.5822630e+17   6.8775605e+18   3.5983864e+17
  3.9652247e+02   7.3456296e+18   9.7770352e+16   6.8305593e+18   3.4417289e+17   6.8337949e+18   3.4581900e+17
  4.4084752e+02   7.3448770e+18   1.2346619e+17   6.7909028e+18   3.2520658e+17   6.7927688e+18   3.2653259e+17
  4.9012742e+02   7.3406997e+18   1.5647070e+17   6.7579140e+18   3.0430898e+17   6.7588815e+18   3.0521169e+17
  5.4491605e+02   7.3303417e+18   1.9790506e+17   6.7311523e+18   2.8323728e+17   6.7314099e+18   2.8353937e+17
  6.0582920e+02   7.3083991e+18   2.4941979e+17   6.7084714e+18   2.6151682e+17   6.7082726e+18   2.6118806e+17
  6.7355149e+02   7.2666924e+18   3.0985668e+17   6.6903623e+18   2.4088155e+17   6.6900907e+18   2.4020279e+17
  7.4884408e+02   7.2073885e+18   3.6580330e+17   6.6772220e+18   2.2343859e+17   6.6770354e+18   2.2263889e+17
  8.3255321e+02   7.1244218e+18   4.1112253e+17   6.6669961e+18   2.0757250e+17   6.6668974e+18   2.0675418e+17
  9.2561972e+02   7.0211697e+18   4.3299929e+17   6.6581383e+18   1.9126332e+17   6.6580230e+18   1.9037349e+17
  1.0290896e+03   6.9111886e+18   4.2159445e+17   6.6507202e+18   1.7426140e+17   6.6505295e+18   1.7330365e+17
  1.1441258e+03   6.8123172e+18   3.7789913e+17   6.6444572e+18   1.5588734e+17   6.6441560e+18   1.5472157e+17
  1.2720213e+03   6.7360373e+18   3.1204934e+17   6.6395359e+18   1.3627992e+17   6.6392163e+18   1.3495900e+17
  1.4142136e+03   6.6867061e+18   2.3971496e+17   6.6363756e+18   1.1659259e+17   6.6361824e+18   1.1541929e+17
  1.5723007e+03   6.6601746e+18   1.7407229e+17   6.6352812e+18   9.8536839e+16   6.6352280e+18   9.7679293e+16
  1.7480594e+03   6.6487170e+18   1.2234314e+17   6.6362697e+18   8.3657413e+16   6.6362583e+18   8.3092593e+16
  1.9434653e+03   6.6458863e+18   8.9309469e+16   6.6390567e+18   7.3702895e+16   6.6390588e+18   7.3404776e+16
  2.1607146e+03   6.6473648e+18   7.3590066e+16   6.6432295e+18   6.8854435e+16   6.6432732e+18   6.8741550e+16
  2.4022489e+03   6.6513831e+18   6.8945761e+16   6.6486166e+18   6.7802967e+16   6.6488009e+18   6.7837312e+16
  2.6707830e+03   6.6575610e+18   6.9475095e+16   6.6554443e+18   6.8992228e+16   6.6556217e+18   6.9052291e+16
  2.9693350e+03   6.6650710e+18   7.1703357e+16   6.6634639e+18   7.1094743e+16   6.6635542e+18   7.1155676e+16
  3.3012605e+03   6.6740650e+18   7.4528613e+16   6.6728839e+18   7.3748252e+16   6.6730473e+18   7.3845163e+16
  3.6702901e+03   6.6848432e+18   7.7335497e+16   6.6842906e+18   7.6860059e+16   6.6843429e+18   7.6905954e+16
  4.0805715e+03   6.6980423e+18   8.0382173e+16   6.6981624e+18   8.0417900e+16   6.6983013e+18   8.0508079e+16
  4.5367160e+03   6.7141959e+18   8.3740421e+16   6.7146255e+18   8.4091790e+16   6.7147097e+18   8.4161913e+16
  5.0438504e+03   6.7364427e+18   8.9161131e+16   6.7371315e+18   8.9703424e+16   6.7372218e+18   8.9761010e+16
  5.6076745e+03   6.7639667e+18   9.5120796e+16   6.7654132e+18   9.6069921e+16   6.7656353e+18   9.6219434e+16
  6.2345254e+03   6.7996858e+18   1.0276159e+17   6.8029596e+18   1.0515523e+17   6.8030280e+18   1.0520137e+17
  6.9314484e+03   6.8481465e+18   1.1225646e+17   6.8550284e+18   1.1754366e+17   6.8551328e+18   1.1761057e+17
  7.7062767e+03   6.9159421e+18   1.2321060e+17   6.9256270e+18   1.3102106e+17   6.9258179e+18   1.3116388e+17
  8.5677186e+03   7.0193741e+18   1.4009407e+17   7.0263022e+18   1.4553229e+17   7.0264509e+18   1.4563604e+17
  9.5254565e+03   7.1650562e+18   1.6092243e+17   7.1652437e+18   1.6101474e+17   7.1654522e+18   1.6115832e+17
  1.0590254e+04   7.3310478e+18   1.9064229e+17   7.3262906e+18   1.8825186e+17   7.3265865e+18   1.8839936e+17
  1.1774080e+04   7.3444916e+18   2.3540057e+17   7.3493786e+18   2.3786690e+17   7.3496546e+18   2.3800197e+17
  1.3090240e+04   7.2994809e+18   2.3597593e+17   7.3116032e+18   2.4220794e+17   7.3119390e+18   2.4237157e+17
  1.4553525e+04   7.2995372e+18   2.3283349e+17   7.3107193e+18   2.3839918e+17   7.3109736e+18   2.3851899e+17
  1.6180383e+04   7.3122123e+18   2.3918953e+17   7.3128725e+18   2.3939199e+17   7.3132453e+18   2.3956501e+17
  1.7989098e+04   7.3208137e+18   2.4295933e+17   7.3148038e+18   2.4026775e+17   7.3149356e+18   2.4032631e+17
