  1.0000000e+02   5.2393050e+19   8.5363147e+14   5.2393209e+19   2.2437590e+16   5.2393187e+19   2.0797448e+16
  1.1117845e+02   5.2394259e+19   9.8533574e+14   5.2394471e+19   2.5957093e+16   5.2394441e+19   2.4062273e+16
  1.2360647e+02   5.2395755e+19   2.6656039e+15   5.2397341e+19   7.0941835e+16   5.2397134e+19   6.6145224e+16
  1.3742375e+02   5.2397603e+19   3.8251061e+15   5.2400891e+19   1.0207243e+17   5.2400467e+19   9.5274940e+16
  1.5278559e+02   5.2399888e+19   4.7784412e+15   5.2405048e+19   1.2783187e+17   5.2404390e+19   1.1942416e+17
  1.6986465e+02   5.2402721e+19   8.1272250e+15   5.2417990e+19   2.1949226e+17   5.2416196e+19   2.0626885e+17
  1.8885287e+02   5.2406225e+19   1.1281115e+16   5.2435953e+19   3.0548499e+17   5.2432565e+19   2.8772834e+17
  2.0996369e+02   5.2410559e+19   1.4711580e+16   5.2461935e+19   4.0006326e+17   5.2456049e+19   3.7683365e+17
  2.3343437e+02   5.2415925e+19   1.8933724e+16   5.2502288e+19   5.1552730e+17   5.2492344e+19   4.8576052e+17
  2.5952870e+02   5.2422550e+19   2.2577530e+16   5.2543685e+19   6.0671824e+17   5.2530270e+19   5.7344176e+17
  2.8853998e+02   5.2430730e+19   2.5894118e+16   5.2585845e+19   6.8216360e+17   5.2569600e+19   6.4724524e+17
  3.2079427e+02   5.2440851e+19   3.0063240e+16   5.2638716e+19   7.6414919e+17   5.2619609e+19   7.2871514e+17
  3.5665408e+02   5.2453359e+19   3.4604211e+16   5.2697296e+19   8.4066893e+17   5.2676006e+19   8.0614638e+17
  3.9652247e+02   5.2468828e+19   4.0106555e+16   5.2766056e+19   9.1775741e+17   5.2743326e+19   8.8555422e+17
  4.4084752e+02   5.2487971e+19   4.7083836e+16   5.2851168e+19   1.0002909e+18   5.2827397e+19   9.7122673e+17
  4.9012742e+02   5.2511637e+19   5.5113915e+16   5.2945623e+19   1.0759819e+18   5.2921409e+19   1.0503317e+18
  5.4491605e+02   5.2540886e+19   6.4411109e+16   5.3049569e+19   1.1438141e+18   5.3024968e+19   1.1212046e+18
  6.0582920e+02   5.2577021e+19   7.4956687e+16   5.3164428e+19   1.2036539e+18   5.3141157e+19   1.1851897e+18
  6.7355149e+02   5.2621632e+19   8.6922306e+16   5.3283038e+19   1.2489086e+18   5.3259232e+19   1.2324734e+18
  7.4884408e+02   5.2676664e+19   1.0008658e+17   5.3406357e+19   1.2803447e+18   5.3382811e+19   1.2661772e+18
  8.3255321e+02   5.2744577e+19   1.1652042e+17   5.3534995e+19   1.2977502e+18   5.3511628e+19   1.2854930e+18
  9.2561972e+02   5.2828484e+19   1.3828337e+17   5.3678291e+19   1.3042051e+18   5.3657288e+19   1.2948033e+18
  1.0290896e+03   5.2932149e+19   1.6842810e+17   5.3835624e+19   1.2962106e+18   5.3817201e+19   1.2893401e+18
  1.1441258e+03   5.3060161e+19   2.0881250e+17   5.4009303e+19   1.2711561e+18   5.3995029e+19   1.2669049e+18
  1.2720213e+03   5.3218201e+19   2.6322941e+17   5.4210322e+19   1.2274046e+18   5.4198128e+19   1.2247924e+18
  1.4142136e+03   5.3412556e+19   3.3120607e+17   5.4426881e+19   1.1565516e+18   5.4414985e+19   1.1549945e+18
  1.5723007e+03   5.3650354e+19   4.1871208e+17   5.4667631e+19   1.0545575e+18   5.4657831e+19   1.0542083e+18
  1.7480594e+03   5.3939677e+19   5.3527834e+17   5.4932084e+19   9.1409427e+17   5.4926981e+19   9.1450260e+17
  1.9434653e+03   5.4287306e+19   6.9386748e+17   5.5212194e+19   7.2786595e+17   5.5209702e+19   7.2842714e+17
  2.1607146e+03   5.4688835e+19   9.2199143e+17   5.5482245e+19   4.9633670e+17   5.5481020e+19   4.9683329e+17
  2.4022489e+03   5.5103197e+19   1.2591525e+18   5.5715457e+19   2.3425463e+17   5.5715094e+19   2.3448529e+17
  2.6707830e+03   5.5426700e+19   1.7237833e+18   5.5890222e+19   2.6610419e+16   5.5890249e+19   2.6636577e+16
  2.9693350e+03   5.5527646e+19   2.2096084e+18   5.5998036e+19   2.3911396e+17   5.5997993e+19   2.3905181e+17
  3.3012605e+03   5.5399476e+19   2.5139634e+18   5.6056537e+19   3.6281231e+17   5.6055876e+19   3.6135022e+17
  3.6702901e+03   5.5258763e+19   2.5515585e+18   5.6098810e+19   3.8523579e+17   5.6098399e+19   3.8376332e+17
  4.0805715e+03   5.5240943e+19   2.4508314e+18   5.6154069e+19   3.2651373e+17   5.6154023e+19   3.2622683e+17
  4.5367160e+03   5.5322784e+19   2.3556278e+18   5.6237239e+19   2.2753513e+17   5.6237158e+19   2.2652428e+17
  5.0438504e+03   5.5416783e+19   2.3506583e+18   5.6351580e+19   1.3027877e+17   5.6351560e+19   1.2971353e+17
  5.6076745e+03   5.5576525e+19   2.3466713e+18   5.6497036e+19   5.3896966e+16   5.6497031e+19   5.3537197e+16
  6.2345254e+03   5.5755799e+19   2.3748206e+18   5.6676289e+19   7.7747213e+11   5.6676289e+19   0.0000000e+00
  6.9314484e+03   5.5930585e+19   2.4591390e+18   5.6894224e+19   0.0000000e+00   5.6894224e+19   0.0000000e+00
  7.7062767e+03   5.6175023e+19   2.5246737e+18   5.7157338e+19   0.0000000e+00   5.7157338e+19   0.0000000e+00
  8.5677186e+03   5.6502740e+19   2.5681680e+18   5.7475691e+19   0.0000000e+00   5.7475691e+19   0.0000000e+00
  9.5254565e+03   5.6869453e+19   2.6623082e+18   5.7867756e+19   0.0000000e+00   5.7867756e+19   0.0000000e+00
  1.0590254e+04   5.7309262e+19   2.8105007e+18   5.8364779e+19   0.0000000e+00   5.8364779e+19   0.0000000e+00
  1.1774080e+04   5.7886217e+19   2.9896296e+18   5.9004959e+19   7.7747213e+11   5.9004959e+19   7.7747213e+11
  1.3090240e+04   5.8688901e+19   3.1337089e+18   5.9817854e+19   0.0000000e+00   5.9817854e+19   0.0000000e+00
  1.4553525e+04   5.9709034e+19   3.2845854e+18   6.0834069e+19   7.7747213e+11   6.0834069e+19   0.0000000e+00
  1.6180383e+04   6.0999903e+19   3.5055580e+18   6.2149334e+19   0.0000000e+00   6.2149334e+19   1.0995116e+12
  1.7989098e+04   6.2820662e+19   3.7095493e+18   6.3947027e+19   0.0000000e+00   6.3947027e+19   0.0000000e+00
