  1.0000000e+02   2.2370238e-10   1.1166850e-14   2.2369374e-10   3.5026883e-13   2.2369480e-10   3.2803624e-13
  1.1117845e+02   2.2369606e-10   1.2891032e-14   2.2368449e-10   4.0521463e-13   2.2368591e-10   3.7952627e-13
  1.2360647e+02   2.2368818e-10   3.4610551e-14   2.2360258e-10   1.1015972e-12   2.2361188e-10   1.0400129e-12
  1.3742375e+02   2.2367845e-10   4.9601560e-14   2.2350222e-10   1.5754381e-12   2.2352099e-10   1.4896011e-12
  1.5278559e+02   2.2366643e-10   6.1932451e-14   2.2339125e-10   1.9612390e-12   2.2342011e-10   1.8567403e-12
  1.6986465e+02   2.2365118e-10   1.0569092e-13   2.2284503e-10   3.2889992e-12   2.2292341e-10   3.1327696e-12
  1.8885287e+02   2.2363225e-10   1.4693610e-13   2.2212608e-10   4.3734488e-12   2.2226389e-10   4.1891716e-12
  2.0996369e+02   2.2360866e-10   1.9235856e-13   2.2115327e-10   5.3651301e-12   2.2136107e-10   5.1755574e-12
  2.3343437e+02   2.2357910e-10   2.4879533e-13   2.1981571e-10   6.2505934e-12   2.2009785e-10   6.0887808e-12
  2.5952870e+02   2.2354286e-10   2.9729925e-13   2.1871137e-10   6.6984690e-12   2.1902527e-10   6.5808845e-12
  2.8853998e+02   2.2349840e-10   3.4144698e-13   2.1779107e-10   6.9170700e-12   2.1810913e-10   6.8425180e-12
  3.2079427e+02   2.2344286e-10   3.9937366e-13   2.1681548e-10   7.0112613e-12   2.1711424e-10   6.9824609e-12
  3.5665408e+02   2.2337391e-10   4.6579160e-13   2.1592319e-10   6.9787754e-12   2.1619504e-10   6.9858484e-12
  3.9652247e+02   2.2328767e-10   5.4962601e-13   2.1508074e-10   6.8463085e-12   2.1531861e-10   6.8803061e-12
  4.4084752e+02   2.2317878e-10   6.6230551e-13   2.1426704e-10   6.6211470e-12   2.1446361e-10   6.6726332e-12
  4.9012742e+02   2.2304082e-10   8.0757133e-13   2.1355294e-10   6.3314034e-12   2.1371736e-10   6.3939776e-12
  5.4491605e+02   2.2286460e-10   9.9482290e-13   2.1295079e-10   6.0118820e-12   2.1308127e-10   6.0763795e-12
  6.0582920e+02   2.2263649e-10   1.2384859e-12   2.1242734e-10   5.6693677e-12   2.1252900e-10   5.7309746e-12
  6.7355149e+02   2.2233436e-10   1.5637151e-12   2.1200360e-10   5.3340446e-12   2.1208310e-10   5.3901885e-12
  7.4884408e+02   2.2193956e-10   1.9456160e-12   2.1165083e-10   5.0084402e-12   2.1171392e-10   5.0580308e-12
  8.3255321e+02   2.2139972e-10   2.4369185e-12   2.1129785e-10   4.6420808e-12   2.1134888e-10   4.6862640e-12
  9.2561972e+02   2.2067936e-10   2.9841055e-12   2.1100156e-10   4.2911754e-12   2.1104694e-10   4.3320496e-12
  1.0290896e+03   2.1971170e-10   3.5711723e-12   2.1071265e-10   3.9124284e-12   2.1075096e-10   3.9482005e-12
  1.1441258e+03   2.1845247e-10   4.1075025e-12   2.1043193e-10   3.5062935e-12   2.1046048e-10   3.5349024e-12
  1.2720213e+03   2.1685363e-10   4.4871575e-12   2.1015856e-10   3.0755313e-12   2.1017792e-10   3.0979838e-12
  1.4142136e+03   2.1499059e-10   4.5315470e-12   2.0990599e-10   2.6489457e-12   2.0991949e-10   2.6649472e-12
  1.5723007e+03   2.1303579e-10   4.1134989e-12   2.0968819e-10   2.2626088e-12   2.0969870e-10   2.2702956e-12
  1.7480594e+03   2.1129521e-10   3.2683533e-12   2.0950901e-10   1.9614137e-12   2.0951629e-10   1.9615811e-12
  1.9434653e+03   2.1008735e-10   2.3372638e-12   2.0937150e-10   1.7733890e-12   2.0937562e-10   1.7681556e-12
  2.1607146e+03   2.0946119e-10   1.7984728e-12   2.0926585e-10   1.6847183e-12   2.0926957e-10   1.6769444e-12
  2.4022489e+03   2.0919394e-10   1.6802256e-12   2.0917785e-10   1.6500280e-12   2.0918196e-10   1.6422388e-12
  2.6707830e+03   2.0906216e-10   1.6730830e-12   2.0909450e-10   1.6299398e-12   2.0909735e-10   1.6227453e-12
  2.9693350e+03   2.0895115e-10   1.6465532e-12   2.0899249e-10   1.6072724e-12   2.0899421e-10   1.6011536e-12
  3.3012605e+03   2.0883267e-10   1.6013557e-12   2.0887283e-10   1.5773484e-12   2.0887551e-10   1.5705571e-12
  3.6702901e+03   2.0868959e-10   1.5548644e-12   2.0872904e-10   1.5432066e-12   2.0873275e-10   1.5362958e-12
  4.0805715e+03   2.0851208e-10   1.5102178e-12   2.0855816e-10   1.5026756e-12   2.0856144e-10   1.4960674e-12
  4.5367160e+03   2.0830150e-10   1.4610755e-12   2.0834727e-10   1.4590097e-12   2.0835080e-10   1.4521242e-12
  5.0438504e+03   2.0807604e-10   1.4013876e-12   2.0811415e-10   1.4053687e-12   2.0811868e-10   1.3985944e-12
  5.6076745e+03   2.0779024e-10   1.3436153e-12   2.0782239e-10   1.3566203e-12   2.0782472e-10   1.3510955e-12
  6.2345254e+03   2.0743923e-10   1.2775783e-12   2.0747875e-10   1.3000445e-12   2.0748095e-10   1.2937687e-12
  6.9314484e+03   2.0701697e-10   1.2071425e-12   2.0705997e-10   1.2477878e-12   2.0706247e-10   1.2420698e-12
  7.7062767e+03   2.0647484e-10   1.1544797e-12   2.0651808e-10   1.2036210e-12   2.0652027e-10   1.1981062e-12
  8.5677186e+03   2.0579604e-10   1.1262009e-12   2.0582034e-10   1.1709169e-12   2.0582102e-10   1.1649430e-12
  9.5254565e+03   2.0490163e-10   1.1292229e-12   2.0488778e-10   1.1497251e-12   2.0488719e-10   1.1441259e-12
  1.0590254e+04   2.0363770e-10   1.1785121e-12   2.0358235e-10   1.1684413e-12   2.0357998e-10   1.1631693e-12
  1.1774080e+04   2.0176533e-10   1.3093117e-12   2.0167378e-10   1.2847671e-12   2.0166863e-10   1.2806542e-12
  1.3090240e+04   1.9892059e-10   1.5867475e-12   1.9883997e-10   1.5486972e-12   1.9883190e-10   1.5460709e-12
  1.4553525e+04   1.9499388e-10   1.9614825e-12   1.9494383e-10   1.9045773e-12   1.9493127e-10   1.9009539e-12
  1.6180383e+04   1.9125192e-10   2.5893118e-12   1.9126350e-10   2.5781821e-12   1.9124956e-10   2.5714988e-12
  1.7989098e+04   1.9138295e-10   4.0062868e-12   1.9141036e-10   3.9914310e-12   1.9138482e-10   3.9848186e-12
