  1.0000000e+02   2.2370238e-10   1.2342446e-14   2.2369260e-10   3.7184544e-13   2.2369397e-10   3.4470992e-13
  1.1117845e+02   2.2369606e-10   1.4248997e-14   2.2368296e-10   4.3018628e-13   2.2368480e-10   3.9882701e-13
  1.2360647e+02   2.2368817e-10   3.8064220e-14   2.2359148e-10   1.1677100e-12   2.2360367e-10   1.0921127e-12
  1.3742375e+02   2.2367841e-10   5.4520456e-14   2.2347960e-10   1.6683300e-12   2.2350420e-10   1.5631186e-12
  1.5278559e+02   2.2366637e-10   6.8061065e-14   2.2335625e-10   2.0748235e-12   2.2339405e-10   1.9469625e-12
  1.6986465e+02   2.2365101e-10   1.1645001e-13   2.2274000e-10   3.4746613e-12   2.2284313e-10   3.2848944e-12
  1.8885287e+02   2.2363191e-10   1.6200555e-13   2.2193862e-10   4.5915956e-12   2.2211820e-10   4.3726294e-12
  2.0996369e+02   2.2360809e-10   2.1209402e-13   2.2085922e-10   5.5898620e-12   2.2112872e-10   5.3711724e-12
  2.3343437e+02   2.2357814e-10   2.7425595e-13   2.1939879e-10   6.4328825e-12   2.1976104e-10   6.2583303e-12
  2.5952870e+02   2.2354151e-10   3.2753146e-13   2.1821754e-10   6.8172872e-12   2.1861601e-10   6.7041131e-12
  2.8853998e+02   2.2349662e-10   3.7587070e-13   2.1724665e-10   6.9708571e-12   2.1764696e-10   6.9144790e-12
  3.2079427e+02   2.2344046e-10   4.3909683e-13   2.1622155e-10   6.9855884e-12   2.1659648e-10   6.9874923e-12
  3.5665408e+02   2.2337070e-10   5.1116391e-13   2.1530283e-10   6.8720748e-12   2.1564067e-10   6.9186554e-12
  3.9652247e+02   2.2328327e-10   6.0209143e-13   2.1444718e-10   6.6578600e-12   2.1473786e-10   6.7363958e-12
  4.4084752e+02   2.2317247e-10   7.2437949e-13   2.1363192e-10   6.3498112e-12   2.1386712e-10   6.4467626e-12
  4.9012742e+02   2.2303157e-10   8.8160015e-13   2.1292844e-10   5.9866502e-12   2.1311717e-10   6.0920330e-12
  5.4491605e+02   2.2285073e-10   1.0837459e-12   2.1234562e-10   5.6075787e-12   2.1248782e-10   5.7086069e-12
  6.0582920e+02   2.2261501e-10   1.3471683e-12   2.1184723e-10   5.2179082e-12   2.1194943e-10   5.3075323e-12
  6.7355149e+02   2.2229981e-10   1.6983783e-12   2.1145481e-10   4.8543621e-12   2.1152759e-10   4.9295769e-12
  7.4884408e+02   2.2188379e-10   2.1136148e-12   2.1113218e-10   4.5135509e-12   2.1118392e-10   4.5743418e-12
  8.3255321e+02   2.2130685e-10   2.6469412e-12   2.1083332e-10   4.1547637e-12   2.1087077e-10   4.2031769e-12
  9.2561972e+02   2.2052527e-10   3.2433772e-12   2.1058638e-10   3.8227128e-12   2.1061713e-10   3.8632050e-12
  1.0290896e+03   2.1946369e-10   3.8722375e-12   2.1035885e-10   3.4809784e-12   2.1038358e-10   3.5135986e-12
  1.1441258e+03   2.1807901e-10   4.4186819e-12   2.1014386e-10   3.1271273e-12   2.1016191e-10   3.1516363e-12
  1.2720213e+03   2.1634950e-10   4.7409015e-12   2.0993729e-10   2.7638101e-12   2.0994992e-10   2.7817129e-12
  1.4142136e+03   2.1440992e-10   4.6516382e-12   2.0974856e-10   2.4158980e-12   2.0975786e-10   2.4268605e-12
  1.5723007e+03   2.1250023e-10   4.0707513e-12   2.0958519e-10   2.1114115e-12   2.0959251e-10   2.1146712e-12
  1.7480594e+03   2.1092360e-10   3.1330838e-12   2.0944962e-10   1.8809891e-12   2.0945516e-10   1.8778649e-12
  1.9434653e+03   2.0990629e-10   2.2404986e-12   2.0934105e-10   1.7400699e-12   2.0934522e-10   1.7325374e-12
  2.1607146e+03   2.0940055e-10   1.7839891e-12   2.0925223e-10   1.6720336e-12   2.0925617e-10   1.6626962e-12
  2.4022489e+03   2.0918135e-10   1.6876572e-12   2.0917402e-10   1.6416957e-12   2.0917748e-10   1.6321032e-12
  2.6707830e+03   2.0906399e-10   1.6741959e-12   2.0909508e-10   1.6210658e-12   2.0909768e-10   1.6116886e-12
  2.9693350e+03   2.0896087e-10   1.6433849e-12   2.0899758e-10   1.5973401e-12   2.0899988e-10   1.5891509e-12
  3.3012605e+03   2.0884902e-10   1.5976956e-12   2.0888197e-10   1.5672637e-12   2.0888533e-10   1.5588078e-12
  3.6702901e+03   2.0871133e-10   1.5501981e-12   2.0874295e-10   1.5332679e-12   2.0874649e-10   1.5245413e-12
  4.0805715e+03   2.0853751e-10   1.5038209e-12   2.0857595e-10   1.4928793e-12   2.0857910e-10   1.4847769e-12
  4.5367160e+03   2.0832857e-10   1.4546951e-12   2.0836802e-10   1.4494218e-12   2.0837081e-10   1.4414768e-12
  5.0438504e+03   2.0810522e-10   1.3936685e-12   2.0813839e-10   1.3954613e-12   2.0814201e-10   1.3876010e-12
  5.6076745e+03   2.0782025e-10   1.3345810e-12   2.0784825e-10   1.3462469e-12   2.0784984e-10   1.3395255e-12
  6.2345254e+03   2.0746925e-10   1.2688265e-12   2.0750579e-10   1.2901969e-12   2.0750750e-10   1.2830781e-12
  6.9314484e+03   2.0704315e-10   1.1997693e-12   2.0708506e-10   1.2395197e-12   2.0708674e-10   1.2325727e-12
  7.7062767e+03   2.0650042e-10   1.1480061e-12   2.0654303e-10   1.1960123e-12   2.0654450e-10   1.1894731e-12
  8.5677186e+03   2.0581860e-10   1.1213441e-12   2.0584356e-10   1.1647580e-12   2.0584375e-10   1.1578952e-12
  9.5254565e+03   2.0492022e-10   1.1264007e-12   2.0490934e-10   1.1465213e-12   2.0490810e-10   1.1400979e-12
  1.0590254e+04   2.0365242e-10   1.1783308e-12   2.0360304e-10   1.1699915e-12   2.0359994e-10   1.1639535e-12
  1.1774080e+04   2.0177832e-10   1.3135438e-12   2.0169545e-10   1.2942161e-12   2.0168967e-10   1.2895681e-12
  1.3090240e+04   1.9893128e-10   1.5931471e-12   1.9886334e-10   1.5652131e-12   1.9885448e-10   1.5622000e-12
  1.4553525e+04   1.9500030e-10   1.9661274e-12   1.9496572e-10   1.9239908e-12   1.9495290e-10   1.9202804e-12
  1.6180383e+04   1.9129562e-10   2.6142657e-12   1.9132702e-10   2.6180234e-12   1.9131180e-10   2.6110289e-12
  1.7989098e+04   1.9138719e-10   4.0212107e-12   1.9144242e-10   4.0195977e-12   1.9141574e-10   4.0126011e-12
