  1.0000000e+02   4.1063808e-10   7.6178840e-14   4.1067366e-10   1.2450161e-12   4.1067092e-10   1.1976913e-12
  1.1117845e+02   4.1061178e-10   8.8069812e-14   4.1065946e-10   1.4413147e-12   4.1065581e-10   1.3868104e-12
  1.2360647e+02   4.1058047e-10   2.4734419e-13   4.1093511e-10   3.9132968e-12   4.1091283e-10   3.7929540e-12
  1.3742375e+02   4.1054177e-10   3.5637475e-13   4.1127189e-10   5.5908944e-12   4.1122757e-10   5.4264264e-12
  1.5278559e+02   4.1049373e-10   4.4681344e-13   4.1163458e-10   6.9569391e-12   4.1156716e-10   6.7599186e-12
  1.6986465e+02   4.1044269e-10   8.0410439e-13   4.1377658e-10   1.1588729e-11   4.1360406e-10   1.1318772e-11
  1.8885287e+02   4.1038188e-10   1.1385411e-12   4.1653762e-10   1.5193330e-11   4.1624991e-10   1.4904016e-11
  2.0996369e+02   4.1031331e-10   1.5440430e-12   4.2019024e-10   1.8275915e-11   4.1977967e-10   1.8017364e-11
  2.3343437e+02   4.1024271e-10   2.0828852e-12   4.2502559e-10   2.0685890e-11   4.2450420e-10   2.0521858e-11
  2.5952870e+02   4.1015446e-10   2.5904692e-12   4.2881553e-10   2.1644759e-11   4.2829261e-10   2.1584566e-11
  2.8853998e+02   4.1004533e-10   3.1049477e-12   4.3184094e-10   2.1907042e-11   4.3137981e-10   2.1924099e-11
  3.2079427e+02   4.0994424e-10   3.8370340e-12   4.3494198e-10   2.1713471e-11   4.3457372e-10   2.1785512e-11
  3.5665408e+02   4.0984552e-10   4.7047144e-12   4.3763428e-10   2.1161271e-11   4.3735456e-10   2.1256017e-11
  3.9652247e+02   4.0978573e-10   5.8263069e-12   4.4007823e-10   2.0309674e-11   4.3988477e-10   2.0403039e-11
  4.4084752e+02   4.0984229e-10   7.3486693e-12   4.4234645e-10   1.9164683e-11   4.4223216e-10   1.9238953e-11
  4.9012742e+02   4.1010475e-10   9.3007035e-12   4.4421894e-10   1.7913879e-11   4.4415439e-10   1.7962899e-11
  5.4491605e+02   4.1073590e-10   1.1744415e-11   4.4571071e-10   1.6654882e-11   4.4568685e-10   1.6669676e-11
  6.0582920e+02   4.1205524e-10   1.4776368e-11   4.4695472e-10   1.5363583e-11   4.4695875e-10   1.5343334e-11
  6.7355149e+02   4.1453623e-10   1.8308128e-11   4.4792994e-10   1.4141335e-11   4.4793811e-10   1.4102091e-11
  7.4884408e+02   4.1804855e-10   2.1557825e-11   4.4862080e-10   1.3108277e-11   4.4862394e-10   1.3063064e-11
  8.3255321e+02   4.2294010e-10   2.4161337e-11   4.4915185e-10   1.2168809e-11   4.4914943e-10   1.2123202e-11
  9.2561972e+02   4.2899277e-10   2.5362070e-11   4.4960907e-10   1.1203947e-11   4.4960284e-10   1.1154625e-11
  1.0290896e+03   4.3539925e-10   2.4597952e-11   4.4999654e-10   1.0197540e-11   4.4999153e-10   1.0144917e-11
  1.1441258e+03   4.4111651e-10   2.1948994e-11   4.5031365e-10   9.1082694e-12   4.5031593e-10   9.0445817e-12
  1.2720213e+03   4.4547815e-10   1.8023510e-11   4.5053928e-10   7.9444430e-12   4.5054572e-10   7.8727498e-12
  1.4142136e+03   4.4823985e-10   1.3743135e-11   4.5065407e-10   6.7704360e-12   4.5065980e-10   6.7068791e-12
  1.5723007e+03   4.4964770e-10   9.8716105e-12   4.5064141e-10   5.6796105e-12   4.5064422e-10   5.6328105e-12
  1.7480594e+03   4.5013297e-10   6.8205117e-12   4.5050171e-10   4.7513591e-12   4.5050171e-10   4.7209736e-12
  1.9434653e+03   4.5007027e-10   4.8545727e-12   4.5024453e-10   4.0756831e-12   4.5024567e-10   4.0587603e-12
  2.1607146e+03   4.4975302e-10   3.8670941e-12   4.4988839e-10   3.6595054e-12   4.4988892e-10   3.6514696e-12
  2.4022489e+03   4.4931472e-10   3.4710986e-12   4.4943999e-10   3.4319827e-12   4.4943649e-10   3.4289133e-12
  2.6707830e+03   4.4879845e-10   3.3011645e-12   4.4889309e-10   3.3001718e-12   4.4888870e-10   3.2987740e-12
  2.9693350e+03   4.4818961e-10   3.1977278e-12   4.4823567e-10   3.2076340e-12   4.4823582e-10   3.2065232e-12
  3.3012605e+03   4.4745037e-10   3.1237285e-12   4.4745719e-10   3.1360698e-12   4.4745506e-10   3.1345232e-12
  3.6702901e+03   4.4651632e-10   3.0859574e-12   4.4651300e-10   3.0914681e-12   4.4651337e-10   3.0909431e-12
  4.0805715e+03   4.4536947e-10   3.0868619e-12   4.4536367e-10   3.0860010e-12   4.4536109e-10   3.0851155e-12
  4.5367160e+03   4.4397031e-10   3.1384542e-12   4.4396521e-10   3.1378826e-12   4.4396434e-10   3.1377896e-12
  5.0438504e+03   4.4218538e-10   3.2700273e-12   4.4217235e-10   3.2727676e-12   4.4216968e-10   3.2728213e-12
  5.6076745e+03   4.3990761e-10   3.5373835e-12   4.3985813e-10   3.5459886e-12   4.3985099e-10   3.5474835e-12
  6.2345254e+03   4.3695537e-10   4.0034336e-12   4.3683918e-10   4.0538620e-12   4.3683662e-10   4.0547698e-12
  6.9314484e+03   4.3299068e-10   4.6619236e-12   4.3271924e-10   4.8275250e-12   4.3271461e-10   4.8293801e-12
  7.7062767e+03   4.2757697e-10   5.4281032e-12   4.2715863e-10   5.7344802e-12   4.2715043e-10   5.7400993e-12
  8.5677186e+03   4.1985727e-10   6.3769796e-12   4.1954285e-10   6.6152359e-12   4.1953553e-10   6.6194998e-12
  9.5254565e+03   4.0990926e-10   7.3355253e-12   4.0989551e-10   7.3369604e-12   4.0988610e-10   7.3434682e-12
  1.0590254e+04   4.0026410e-10   8.7032212e-12   4.0047125e-10   8.5891213e-12   4.0045769e-10   8.5957490e-12
  1.1774080e+04   4.0032518e-10   1.1115633e-11   4.0009139e-10   1.1230130e-11   4.0007824e-10   1.1236427e-11
  1.3090240e+04   4.0282366e-10   1.1066183e-11   4.0225302e-10   1.1357166e-11   4.0223707e-10   1.1364711e-11
  1.4553525e+04   4.0279317e-10   1.0959071e-11   4.0226718e-10   1.1221330e-11   4.0225515e-10   1.1226938e-11
  1.6180383e+04   4.0218966e-10   1.1253903e-11   4.0216620e-10   1.1268319e-11   4.0214846e-10   1.1276337e-11
  1.7989098e+04   4.0178569e-10   1.1431813e-11   4.0207524e-10   1.1309519e-11   4.0206908e-10   1.1312299e-11
