  1.0000000e+02   1.4144511e-10   1.7257665e-16   1.4144509e-10   3.9762878e-15   1.4144509e-10   3.7348270e-15
  1.1117845e+02   1.4144462e-10   1.9901747e-16   1.4144458e-10   4.5987673e-15   1.4144458e-10   4.3200142e-15
  1.2360647e+02   1.4144400e-10   5.5433848e-16   1.4144374e-10   1.2560957e-14   1.4144377e-10   1.1866007e-14
  1.3742375e+02   1.4144323e-10   7.9685387e-16   1.4144270e-10   1.8072890e-14   1.4144276e-10   1.7090096e-14
  1.5278559e+02   1.4144229e-10   9.9569652e-16   1.4144145e-10   2.2626799e-14   1.4144154e-10   2.1414247e-14
  1.6986465e+02   1.4144112e-10   1.6956343e-15   1.4143867e-10   3.8622253e-14   1.4143890e-10   3.6747697e-14
  1.8885287e+02   1.4143968e-10   2.3528402e-15   1.4143491e-10   5.3669668e-14   1.4143535e-10   5.1164264e-14
  2.0996369e+02   1.4143789e-10   3.0624916e-15   1.4142970e-10   7.0086359e-14   1.4143045e-10   6.6821665e-14
  2.3343437e+02   1.4143569e-10   3.9306384e-15   1.4142200e-10   9.0049008e-14   1.4142326e-10   8.5884632e-14
  2.5952870e+02   1.4143296e-10   4.7021641e-15   1.4141388e-10   1.0565402e-13   1.4141556e-10   1.0105659e-13
  2.8853998e+02   1.4142959e-10   5.4252816e-15   1.4140535e-10   1.1832388e-13   1.4140733e-10   1.1358959e-13
  3.2079427e+02   1.4142543e-10   6.3055087e-15   1.4139488e-10   1.3176311e-13   1.4139711e-10   1.2712719e-13
  3.5665408e+02   1.4142028e-10   7.3077814e-15   1.4138302e-10   1.4417853e-13   1.4138540e-10   1.3981566e-13
  3.9652247e+02   1.4141393e-10   8.5303508e-15   1.4136911e-10   1.5637514e-13   1.4137149e-10   1.5249999e-13
  4.4084752e+02   1.4140607e-10   1.0063929e-14   1.4135216e-10   1.6912621e-13   1.4135443e-10   1.6587988e-13
  4.9012742e+02   1.4139636e-10   1.1919508e-14   1.4133297e-10   1.8042903e-13   1.4133507e-10   1.7778928e-13
  5.4491605e+02   1.4138437e-10   1.4194270e-14   1.4131137e-10   1.9000908e-13   1.4131330e-10   1.8785413e-13
  6.0582920e+02   1.4136956e-10   1.6908298e-14   1.4128692e-10   1.9771336e-13   1.4128851e-10   1.9614669e-13
  6.7355149e+02   1.4135128e-10   2.0197314e-14   1.4126002e-10   2.0253567e-13   1.4126157e-10   2.0116103e-13
  7.4884408e+02   1.4132872e-10   2.3986460e-14   1.4123059e-10   2.0395928e-13   1.4123209e-10   2.0276348e-13
  8.3255321e+02   1.4130088e-10   2.8777455e-14   1.4119743e-10   2.0217820e-13   1.4119887e-10   2.0114467e-13
  9.2561972e+02   1.4126652e-10   3.4598460e-14   1.4115929e-10   1.9700976e-13   1.4116045e-10   1.9626926e-13
  1.0290896e+03   1.4122411e-10   4.1954804e-14   1.4111566e-10   1.8744646e-13   1.4111652e-10   1.8696611e-13
  1.1441258e+03   1.4117183e-10   5.0651715e-14   1.4106607e-10   1.7230253e-13   1.4106649e-10   1.7210153e-13
  1.2720213e+03   1.4110743e-10   6.0602650e-14   1.4100883e-10   1.5070963e-13   1.4100918e-10   1.5057314e-13
  1.4142136e+03   1.4102847e-10   7.0527035e-14   1.4094551e-10   1.2021502e-13   1.4094599e-10   1.2006673e-13
  1.5723007e+03   1.4093206e-10   8.0057605e-14   1.4087567e-10   7.9340334e-14   1.4087604e-10   7.9261916e-14
  1.7480594e+03   1.4081523e-10   8.8396879e-14   1.4080143e-10   2.6120259e-14   1.4080148e-10   2.6115298e-14
  1.9434653e+03   1.4067591e-10   9.5991649e-14   1.4072825e-10   4.0544837e-14   1.4072822e-10   4.0546196e-14
  2.1607146e+03   1.4051546e-10   1.1248025e-13   1.4066507e-10   1.1849062e-13   1.4066498e-10   1.1851145e-13
  2.4022489e+03   1.4034615e-10   1.6528564e-13   1.4062174e-10   1.9956250e-13   1.4062160e-10   1.9962468e-13
  2.6707830e+03   1.4020617e-10   2.8180805e-13   1.4060594e-10   2.6786141e-13   1.4060575e-10   2.6800137e-13
  2.9693350e+03   1.4016627e-10   4.4102759e-13   1.4061559e-10   3.0374147e-13   1.4061561e-10   3.0372071e-13
  3.3012605e+03   1.4025830e-10   5.4235380e-13   1.4063647e-10   2.9550304e-13   1.4063702e-10   2.9448710e-13
  3.6702901e+03   1.4038893e-10   5.1662634e-13   1.4065117e-10   2.4805638e-13   1.4065149e-10   2.4708504e-13
  4.0805715e+03   1.4047225e-10   4.1704095e-13   1.4064983e-10   1.7874832e-13   1.4064985e-10   1.7864830e-13
  4.5367160e+03   1.4049617e-10   3.2455942e-13   1.4063134e-10   1.0930408e-13   1.4063139e-10   1.0881445e-13
  5.0438504e+03   1.4048070e-10   2.7184874e-13   1.4059932e-10   5.5551610e-14   1.4059933e-10   5.5304180e-14
  5.6076745e+03   1.4045081e-10   2.4211984e-13   1.4055682e-10   2.1328464e-14   1.4055682e-10   2.1177262e-14
  6.2345254e+03   1.4040938e-10   2.2059872e-13   1.4050441e-10   0.0000000e+00   1.4050441e-10   2.4532695e-18
  6.9314484e+03   1.4035358e-10   2.0248343e-13   1.4044125e-10   0.0000000e+00   1.4044125e-10   1.7347235e-18
  7.7062767e+03   1.4028946e-10   1.7845166e-13   1.4036582e-10   1.7347235e-18   1.4036582e-10   0.0000000e+00
  8.5677186e+03   1.4021338e-10   1.4875380e-13   1.4027534e-10   1.7347235e-18   1.4027534e-10   0.0000000e+00
  9.5254565e+03   1.4011715e-10   1.1524779e-13   1.4016449e-10   1.7347235e-18   1.4016449e-10   1.7347235e-18
  1.0590254e+04   1.3999440e-10   7.4795624e-14   1.4002514e-10   3.0046292e-18   1.4002514e-10   2.4532695e-18
  1.1774080e+04   1.3984007e-10   2.3822903e-14   1.3984981e-10   3.0046292e-18   1.3984981e-10   0.0000000e+00
  1.3090240e+04   1.3965010e-10   3.6119018e-14   1.3963587e-10   0.0000000e+00   1.3963587e-10   0.0000000e+00
  1.4553525e+04   1.3941584e-10   1.0135405e-13   1.3937792e-10   0.0000000e+00   1.3937792e-10   2.4532695e-18
  1.6180383e+04   1.3911485e-10   1.7622807e-13   1.3905168e-10   3.0046292e-18   1.3905168e-10   0.0000000e+00
  1.7989098e+04   1.3871488e-10   2.5498751e-13   1.3863020e-10   3.0046292e-18   1.3863020e-10   1.7347235e-18
