  1.0000000e+02   1.4076255e-10   2.3921884e-13   1.4083443e-10   1.7347235e-18   1.4083443e-10   0.0000000e+00
  1.1117845e+02   1.4076261e-10   2.3864934e-13   1.4083414e-10   3.0046292e-18   1.4083414e-10   3.0046292e-18
  1.2360647e+02   1.4074936e-10   2.5714905e-13   1.4083380e-10   0.0000000e+00   1.4083380e-10   0.0000000e+00
  1.3742375e+02   1.4074835e-10   2.5794695e-13   1.4083342e-10   0.0000000e+00   1.4083342e-10   0.0000000e+00
  1.5278559e+02   1.4074773e-10   2.5814194e-13   1.4083299e-10   0.0000000e+00   1.4083299e-10   1.7347235e-18
  1.6986465e+02   1.4074383e-10   2.6259574e-13   1.4083249e-10   3.4694470e-18   1.4083249e-10   1.7347235e-18
  1.8885287e+02   1.4074250e-10   2.6352040e-13   1.4083191e-10   1.7347235e-18   1.4083191e-10   1.7347235e-18
  2.0996369e+02   1.4074196e-10   2.6328756e-13   1.4083126e-10   0.0000000e+00   1.4083126e-10   3.0046292e-18
  2.3343437e+02   1.4074171e-10   2.6253666e-13   1.4083051e-10   3.0046292e-18   1.4083051e-10   1.7347235e-18
  2.5952870e+02   1.4073848e-10   2.6549307e-13   1.4082964e-10   3.4694470e-18   1.4082964e-10   0.0000000e+00
  2.8853998e+02   1.4073360e-10   2.7026080e-13   1.4082864e-10   0.0000000e+00   1.4082864e-10   0.0000000e+00
  3.2079427e+02   1.4073093e-10   2.7197443e-13   1.4082748e-10   0.0000000e+00   1.4082748e-10   0.0000000e+00
  3.5665408e+02   1.4072555e-10   2.7669325e-13   1.4082615e-10   2.4532695e-18   1.4082615e-10   3.0046292e-18
  3.9652247e+02   1.4071928e-10   2.8203112e-13   1.4082462e-10   0.0000000e+00   1.4082462e-10   1.7347235e-18
  4.4084752e+02   1.4071313e-10   2.8671427e-13   1.4082285e-10   1.7347235e-18   1.4082285e-10   2.4532695e-18
  4.9012742e+02   1.4070290e-10   2.9526501e-13   1.4082081e-10   0.0000000e+00   1.4082081e-10   1.7347235e-18
  5.4491605e+02   1.4068771e-10   3.0784065e-13   1.4081848e-10   0.0000000e+00   1.4081848e-10   2.4532695e-18
  6.0582920e+02   1.4066831e-10   3.2265703e-13   1.4081582e-10   3.0046292e-18   1.4081582e-10   0.0000000e+00
  6.7355149e+02   1.4064289e-10   3.4014520e-13   1.4081282e-10   0.0000000e+00   1.4081282e-10   3.4694470e-18
  7.4884408e+02   1.4061256e-10   3.5806367e-13   1.4080945e-10   1.7347235e-18   1.4080945e-10   0.0000000e+00
  8.3255321e+02   1.4057787e-10   3.7499561e-13   1.4080572e-10   1.7347235e-18   1.4080572e-10   1.7347235e-18
  9.2561972e+02   1.4054775e-10   3.8632069e-13   1.4080165e-10   0.0000000e+00   1.4080165e-10   0.0000000e+00
  1.0290896e+03   1.4052199e-10   3.9366096e-13   1.4079728e-10   0.0000000e+00   1.4079728e-10   0.0000000e+00
  1.1441258e+03   1.4050264e-10   3.9741753e-13   1.4079268e-10   0.0000000e+00   1.4079268e-10   0.0000000e+00
  1.2720213e+03   1.4049100e-10   3.9818771e-13   1.4078791e-10   3.0046292e-18   1.4078791e-10   0.0000000e+00
  1.4142136e+03   1.4048286e-10   3.9777382e-13   1.4078302e-10   0.0000000e+00   1.4078302e-10   0.0000000e+00
  1.5723007e+03   1.4047660e-10   3.9675967e-13   1.4077800e-10   0.0000000e+00   1.4077800e-10   0.0000000e+00
  1.7480594e+03   1.4047637e-10   3.9394623e-13   1.4077272e-10   0.0000000e+00   1.4077272e-10   0.0000000e+00
  1.9434653e+03   1.4048441e-10   3.8822693e-13   1.4076689e-10   3.0046292e-18   1.4076689e-10   0.0000000e+00
  2.1607146e+03   1.4049678e-10   3.7983886e-13   1.4076005e-10   1.7347235e-18   1.4076005e-10   0.0000000e+00
  2.4022489e+03   1.4050606e-10   3.7072095e-13   1.4075161e-10   0.0000000e+00   1.4075161e-10   1.7347235e-18
  2.6707830e+03   1.4051227e-10   3.6061410e-13   1.4074095e-10   0.0000000e+00   1.4074095e-10   0.0000000e+00
  2.9693350e+03   1.4051979e-10   3.4691777e-13   1.4072752e-10   4.5896469e-18   1.4072752e-10   0.0000000e+00
  3.3012605e+03   1.4052517e-10   3.3055673e-13   1.4071087e-10   0.0000000e+00   1.4071087e-10   0.0000000e+00
  3.6702901e+03   1.4052636e-10   3.1226574e-13   1.4069055e-10   0.0000000e+00   1.4069055e-10   1.7347235e-18
  4.0805715e+03   1.4052283e-10   2.9192861e-13   1.4066599e-10   0.0000000e+00   1.4066599e-10   0.0000000e+00
  4.5367160e+03   1.4051015e-10   2.7249671e-13   1.4063634e-10   0.0000000e+00   1.4063634e-10   2.4532695e-18
  5.0438504e+03   1.4048363e-10   2.5778690e-13   1.4060047e-10   1.7347235e-18   1.4060047e-10   0.0000000e+00
  5.6076745e+03   1.4045120e-10   2.3997516e-13   1.4055699e-10   0.0000000e+00   1.4055699e-10   1.7347235e-18
  6.2345254e+03   1.4040938e-10   2.2059872e-13   1.4050441e-10   0.0000000e+00   1.4050441e-10   2.4532695e-18
  6.9314484e+03   1.4035358e-10   2.0248343e-13   1.4044125e-10   0.0000000e+00   1.4044125e-10   1.7347235e-18
  7.7062767e+03   1.4028946e-10   1.7845166e-13   1.4036582e-10   1.7347235e-18   1.4036582e-10   0.0000000e+00
  8.5677186e+03   1.4021338e-10   1.4875380e-13   1.4027534e-10   1.7347235e-18   1.4027534e-10   0.0000000e+00
  9.5254565e+03   1.4011715e-10   1.1524779e-13   1.4016449e-10   1.7347235e-18   1.4016449e-10   1.7347235e-18
  1.0590254e+04   1.3999440e-10   7.4795624e-14   1.4002514e-10   3.0046292e-18   1.4002514e-10   2.4532695e-18
  1.1774080e+04   1.3984007e-10   2.3822903e-14   1.3984981e-10   3.0046292e-18   1.3984981e-10   0.0000000e+00
  1.3090240e+04   1.3965010e-10   3.6119018e-14   1.3963587e-10   0.0000000e+00   1.3963587e-10   0.0000000e+00
  1.4553525e+04   1.3941584e-10   1.0135405e-13   1.3937792e-10   0.0000000e+00   1.3937792e-10   2.4532695e-18
  1.6180383e+04   1.3911485e-10   1.7622807e-13   1.3905168e-10   3.0046292e-18   1.3905168e-10   0.0000000e+00
  1.7989098e+04   1.3871488e-10   2.5498751e-13   1.3863020e-10   3.0046292e-18   1.3863020e-10   1.7347235e-18
