  1.0000000e+02  -2.6037182e+00   2.4952413e-02  -2.6059291e+00   2.6872957e-02  -2.6054438e+00   2.6647483e-02
  1.1117845e+02  -2.6036868e+00   2.4952563e-02  -2.6058980e+00   2.6875178e-02  -2.6054127e+00   2.6649026e-02
  1.2360647e+02  -2.6036337e+00   2.4548967e-02  -2.6055674e+00   2.6587351e-02  -2.6051182e+00   2.6383684e-02
  1.3742375e+02  -2.6035705e+00   2.4497385e-02  -2.6054769e+00   2.6553113e-02  -2.6050360e+00   2.6351689e-02
  1.5278559e+02  -2.6035189e+00   2.4477893e-02  -2.6054161e+00   2.6540331e-02  -2.6049779e+00   2.6339679e-02
  1.6986465e+02  -2.6035112e+00   2.4512326e-02  -2.6053139e+00   2.6644599e-02  -2.6049141e+00   2.6430521e-02
  1.8885287e+02  -2.6034570e+00   2.4513328e-02  -2.6052295e+00   2.6667784e-02  -2.6048430e+00   2.6449943e-02
  2.0996369e+02  -2.6034010e+00   2.4517958e-02  -2.6050571e+00   2.6732652e-02  -2.6046956e+00   2.6508070e-02
  2.3343437e+02  -2.6033377e+00   2.4523500e-02  -2.6048445e+00   2.6811248e-02  -2.6045120e+00   2.6579316e-02
  2.5952870e+02  -2.6032714e+00   2.4476450e-02  -2.6046203e+00   2.6816036e-02  -2.6043201e+00   2.6584191e-02
  2.8853998e+02  -2.6032002e+00   2.4401720e-02  -2.6043644e+00   2.6789886e-02  -2.6041036e+00   2.6561672e-02
  3.2079427e+02  -2.6031435e+00   2.4404148e-02  -2.6040223e+00   2.6784445e-02  -2.6038102e+00   2.6565755e-02
  3.5665408e+02  -2.6030564e+00   2.4440639e-02  -2.6036628e+00   2.6765711e-02  -2.6035032e+00   2.6561616e-02
  3.9652247e+02  -2.6029541e+00   2.4507342e-02  -2.6032835e+00   2.6713259e-02  -2.6031725e+00   2.6527161e-02
  4.4084752e+02  -2.6028431e+00   2.4628694e-02  -2.6028845e+00   2.6623312e-02  -2.6028077e+00   2.6458087e-02
  4.9012742e+02  -2.6027068e+00   2.4816407e-02  -2.6024783e+00   2.6531012e-02  -2.6024188e+00   2.6388363e-02
  5.4491605e+02  -2.6025459e+00   2.5026696e-02  -2.6020784e+00   2.6417026e-02  -2.6020196e+00   2.6291573e-02
  6.0582920e+02  -2.6023409e+00   2.5262517e-02  -2.6016615e+00   2.6271605e-02  -2.6015935e+00   2.6162781e-02
  6.7355149e+02  -2.6021107e+00   2.5522644e-02  -2.6012587e+00   2.6134728e-02  -2.6011699e+00   2.6037286e-02
  7.4884408e+02  -2.6018598e+00   2.5718370e-02  -2.6008906e+00   2.5988319e-02  -2.6007840e+00   2.5900132e-02
  8.3255321e+02  -2.6015427e+00   2.5852298e-02  -2.6005152e+00   2.5851547e-02  -2.6004056e+00   2.5773879e-02
  9.2561972e+02  -2.6012096e+00   2.5939566e-02  -2.6001692e+00   2.5739789e-02  -2.6000625e+00   2.5672257e-02
  1.0290896e+03  -2.6007802e+00   2.5918808e-02  -2.5998250e+00   2.5658762e-02  -2.5997123e+00   2.5595636e-02
  1.1441258e+03  -2.6003288e+00   2.5839413e-02  -2.5994720e+00   2.5594598e-02  -2.5993510e+00   2.5530299e-02
  1.2720213e+03  -2.5998467e+00   2.5753951e-02  -2.5990688e+00   2.5534081e-02  -2.5989430e+00   2.5468184e-02
  1.4142136e+03  -2.5994004e+00   2.5714643e-02  -2.5986012e+00   2.5475622e-02  -2.5984728e+00   2.5405323e-02
  1.5723007e+03  -2.5989055e+00   2.5710022e-02  -2.5980400e+00   2.5410052e-02  -2.5979135e+00   2.5330940e-02
  1.7480594e+03  -2.5982507e+00   2.5693114e-02  -2.5973645e+00   2.5350684e-02  -2.5972322e+00   2.5255793e-02
  1.9434653e+03  -2.5973189e+00   2.5601835e-02  -2.5965673e+00   2.5278551e-02  -2.5964090e+00   2.5166839e-02
  2.1607146e+03  -2.5961166e+00   2.5428647e-02  -2.5956065e+00   2.5184629e-02  -2.5954341e+00   2.5066279e-02
  2.4022489e+03  -2.5947458e+00   2.5234295e-02  -2.5944286e+00   2.5073025e-02  -2.5942763e+00   2.4961326e-02
  2.6707830e+03  -2.5932052e+00   2.5053367e-02  -2.5930107e+00   2.4972967e-02  -2.5928581e+00   2.4861602e-02
  2.9693350e+03  -2.5914644e+00   2.4822267e-02  -2.5913409e+00   2.4843439e-02  -2.5911884e+00   2.4739176e-02
  3.3012605e+03  -2.5894922e+00   2.4594899e-02  -2.5893709e+00   2.4693295e-02  -2.5892294e+00   2.4597299e-02
  3.6702901e+03  -2.5871227e+00   2.4375731e-02  -2.5870157e+00   2.4544244e-02  -2.5868753e+00   2.4441882e-02
  4.0805715e+03  -2.5842132e+00   2.4136577e-02  -2.5841674e+00   2.4351055e-02  -2.5840453e+00   2.4266315e-02
  4.5367160e+03  -2.5808629e+00   2.3879747e-02  -2.5809112e+00   2.4123820e-02  -2.5807834e+00   2.4048503e-02
  5.0438504e+03  -2.5766085e+00   2.3814469e-02  -2.5766883e+00   2.4033055e-02  -2.5765489e+00   2.3969941e-02
  5.6076745e+03  -2.5717533e+00   2.3787097e-02  -2.5717726e+00   2.3995997e-02  -2.5716337e+00   2.3935283e-02
  6.2345254e+03  -2.5658345e+00   2.3816159e-02  -2.5659259e+00   2.4136946e-02  -2.5657792e+00   2.4076110e-02
  6.9314484e+03  -2.5584699e+00   2.4062583e-02  -2.5586784e+00   2.4534829e-02  -2.5585448e+00   2.4483332e-02
  7.7062767e+03  -2.5494999e+00   2.4614330e-02  -2.5496323e+00   2.5156997e-02  -2.5494980e+00   2.5107706e-02
  8.5677186e+03  -2.5382574e+00   2.5989145e-02  -2.5380947e+00   2.6344473e-02  -2.5379297e+00   2.6295683e-02
  9.5254565e+03  -2.5234453e+00   2.8452862e-02  -2.5225354e+00   2.8365270e-02  -2.5223466e+00   2.8324558e-02
  1.0590254e+04  -2.5029798e+00   3.1972716e-02  -2.5008038e+00   3.1573322e-02  -2.5005982e+00   3.1531378e-02
  1.1774080e+04  -2.4719823e+00   3.7183609e-02  -2.4687746e+00   3.6567599e-02  -2.4685400e+00   3.6524351e-02
  1.3090240e+04  -2.4224620e+00   4.4503654e-02  -2.4202826e+00   4.3557684e-02  -2.4199965e+00   4.3511240e-02
  1.4553525e+04  -2.3508047e+00   5.2823585e-02  -2.3498315e+00   5.1695877e-02  -2.3494733e+00   5.1608435e-02
  1.6180383e+04  -2.2729733e+00   6.5550722e-02  -2.2736769e+00   6.5473622e-02  -2.2732954e+00   6.5303953e-02
  1.7989098e+04  -2.2698761e+00   9.8036711e-02  -2.2712074e+00   9.7963778e-02  -2.2705603e+00   9.7797528e-02
