  1.0000000e+02  -4.0317560e+00   2.3473807e-04  -4.0318664e+00   3.8590223e-03  -4.0318577e+00   3.7068705e-03
  1.1117845e+02  -4.0316723e+00   2.7140239e-04  -4.0318202e+00   4.4678418e-03  -4.0318087e+00   4.2925550e-03
  1.2360647e+02  -4.0315725e+00   7.6645603e-04  -4.0326786e+00   1.2189731e-02  -4.0326077e+00   1.1799721e-02
  1.3742375e+02  -4.0314492e+00   1.1050569e-03  -4.0337278e+00   1.7426310e-02  -4.0335866e+00   1.6892021e-02
  1.5278559e+02  -4.0312961e+00   1.3859757e-03  -4.0348577e+00   2.1690986e-02  -4.0346426e+00   2.1049767e-02
  1.6986465e+02  -4.0311327e+00   2.4909754e-03  -4.0415326e+00   3.6103267e-02  -4.0409840e+00   3.5228744e-02
  1.8885287e+02  -4.0309378e+00   3.5266064e-03  -4.0501398e+00   4.7328466e-02  -4.0492246e+00   4.6387726e-02
  2.0996369e+02  -4.0307170e+00   4.7775681e-03  -4.0615200e+00   5.6911265e-02  -4.0602135e+00   5.6063585e-02
  2.3343437e+02  -4.0304877e+00   6.4367877e-03  -4.0765791e+00   6.4384703e-02  -4.0749174e+00   6.3832056e-02
  2.5952870e+02  -4.0302013e+00   8.0069485e-03  -4.0884295e+00   6.7402219e-02  -4.0867597e+00   6.7180478e-02
  2.8853998e+02  -4.0298473e+00   9.6042832e-03  -4.0979449e+00   6.8285208e-02  -4.0964707e+00   6.8315281e-02
  3.2079427e+02  -4.0295134e+00   1.1867482e-02  -4.1076928e+00   6.7717138e-02  -4.1065167e+00   6.7930909e-02
  3.5665408e+02  -4.0291817e+00   1.4552994e-02  -4.1161835e+00   6.6029584e-02  -4.1153011e+00   6.6328781e-02
  3.9652247e+02  -4.0289648e+00   1.8034099e-02  -4.1239564e+00   6.3424937e-02  -4.1233598e+00   6.3729462e-02
  4.4084752e+02  -4.0291027e+00   2.2772391e-02  -4.1312529e+00   5.9912731e-02  -4.1309084e+00   6.0157808e-02
  4.9012742e+02  -4.0298726e+00   2.8857891e-02  -4.1373185e+00   5.6045480e-02  -4.1371388e+00   5.6212040e-02
  5.4491605e+02  -4.0317830e+00   3.6496497e-02  -4.1422324e+00   5.2146734e-02  -4.1421831e+00   5.2202190e-02
  6.0582920e+02  -4.0358310e+00   4.5991962e-02  -4.1463919e+00   4.8128845e-02  -4.1464265e+00   4.8067667e-02
  6.7355149e+02  -4.0435237e+00   5.7126607e-02  -4.1497081e+00   4.4311905e-02  -4.1497557e+00   4.4185854e-02
  7.4884408e+02  -4.0544616e+00   6.7428050e-02  -4.1521095e+00   4.1084282e-02  -4.1521410e+00   4.0935712e-02
  8.3255321e+02  -4.0697616e+00   7.5762230e-02  -4.1539753e+00   3.8146533e-02  -4.1539904e+00   3.7994461e-02
  9.2561972e+02  -4.0887965e+00   7.9763570e-02  -4.1555898e+00   3.5124598e-02  -4.1556070e+00   3.4959522e-02
  1.0290896e+03  -4.1090627e+00   7.7619098e-02  -4.1569411e+00   3.1970389e-02  -4.1569717e+00   3.1793245e-02
  1.1441258e+03  -4.1272699e+00   6.9515223e-02  -4.1580777e+00   2.8557485e-02  -4.1581293e+00   2.8342289e-02
  1.2720213e+03  -4.1413010e+00   5.7323492e-02  -4.1589631e+00   2.4910721e-02  -4.1590189e+00   2.4666883e-02
  1.4142136e+03  -4.1503548e+00   4.3933924e-02  -4.1595207e+00   2.1241895e-02  -4.1595547e+00   2.1024715e-02
  1.5723007e+03  -4.1551980e+00   3.1773483e-02  -4.1596940e+00   1.7866994e-02  -4.1597033e+00   1.7707441e-02
  1.7480594e+03  -4.1572521e+00   2.2173345e-02  -4.1594797e+00   1.5074021e-02  -4.1594814e+00   1.4968805e-02
  1.9434653e+03  -4.1577067e+00   1.6028615e-02  -4.1589289e+00   1.3196503e-02  -4.1589287e+00   1.3140827e-02
  2.1607146e+03  -4.1573667e+00   1.3108116e-02  -4.1581166e+00   1.2277904e-02  -4.1581091e+00   1.2256383e-02
  2.4022489e+03  -4.1565622e+00   1.2255629e-02  -4.1570730e+00   1.2074188e-02  -4.1570401e+00   1.2078381e-02
  2.6707830e+03  -4.1553658e+00   1.2354131e-02  -4.1557565e+00   1.2286304e-02  -4.1557246e+00   1.2295436e-02
  2.9693350e+03  -4.1539166e+00   1.2765141e-02  -4.1542069e+00   1.2670152e-02  -4.1541913e+00   1.2680202e-02
  3.3012605e+03  -4.1521786e+00   1.3288506e-02  -4.1523853e+00   1.3158503e-02  -4.1523564e+00   1.3174522e-02
  3.6702901e+03  -4.1500839e+00   1.3815274e-02  -4.1501789e+00   1.3734019e-02  -4.1501699e+00   1.3741865e-02
  4.0805715e+03  -4.1475174e+00   1.4389743e-02  -4.1474951e+00   1.4395390e-02  -4.1474704e+00   1.4410734e-02
  4.5367160e+03  -4.1443768e+00   1.5026476e-02  -4.1443012e+00   1.5087539e-02  -4.1442864e+00   1.5099741e-02
  5.0438504e+03  -4.1400861e+00   1.6035367e-02  -4.1399639e+00   1.6130473e-02  -4.1399477e+00   1.6140468e-02
  5.6076745e+03  -4.1347598e+00   1.7162078e-02  -4.1344978e+00   1.7328621e-02  -4.1344577e+00   1.7354912e-02
  6.2345254e+03  -4.1278465e+00   1.8616999e-02  -4.1272535e+00   1.9043549e-02  -4.1272411e+00   1.9051753e-02
  6.9314484e+03  -4.1184730e+00   2.0423612e-02  -4.1172216e+00   2.1376466e-02  -4.1172024e+00   2.1388454e-02
  7.7062767e+03  -4.1053858e+00   2.2490937e-02  -4.1036181e+00   2.3910151e-02  -4.1035833e+00   2.3936106e-02
  8.5677186e+03  -4.0855539e+00   2.5603670e-02  -4.0842875e+00   2.6595971e-02  -4.0842601e+00   2.6614819e-02
  9.5254565e+03  -4.0578510e+00   2.9367844e-02  -4.0578153e+00   2.9383862e-02  -4.0577772e+00   2.9410067e-02
  1.0590254e+04  -4.0267813e+00   3.4730511e-02  -4.0276449e+00   3.4293296e-02  -4.0275910e+00   3.4320141e-02
  1.1774080e+04  -4.0245928e+00   4.2988054e-02  -4.0236994e+00   4.3437932e-02  -4.0236490e+00   4.3462578e-02
  1.3090240e+04  -4.0329846e+00   4.3053325e-02  -4.0307722e+00   4.4190115e-02  -4.0307109e+00   4.4219935e-02
  1.4553525e+04  -4.0329553e+00   4.2509758e-02  -4.0309138e+00   4.3526118e-02  -4.0308673e+00   4.3547985e-02
  1.6180383e+04  -4.0306392e+00   4.3669138e-02  -4.0305207e+00   4.3707475e-02  -4.0304526e+00   4.3739033e-02
  1.7989098e+04  -4.0290690e+00   4.4357625e-02  -4.0301681e+00   4.3867380e-02  -4.0301441e+00   4.3878080e-02
