  1.0000000e+02   1.4077853e-10   2.1306647e-13   1.4083443e-10   0.0000000e+00   1.4083443e-10   2.4532695e-18
  1.1117845e+02   1.4077852e-10   2.1253707e-13   1.4083414e-10   0.0000000e+00   1.4083414e-10   2.4532695e-18
  1.2360647e+02   1.4076767e-10   2.3021353e-13   1.4083380e-10   0.0000000e+00   1.4083380e-10   0.0000000e+00
  1.3742375e+02   1.4076668e-10   2.3112572e-13   1.4083342e-10   2.4532695e-18   1.4083342e-10   2.4532695e-18
  1.5278559e+02   1.4076607e-10   2.3136748e-13   1.4083299e-10   0.0000000e+00   1.4083299e-10   0.0000000e+00
  1.6986465e+02   1.4076354e-10   2.3448428e-13   1.4083249e-10   0.0000000e+00   1.4083249e-10   2.4532695e-18
  1.8885287e+02   1.4076254e-10   2.3509582e-13   1.4083191e-10   0.0000000e+00   1.4083191e-10   1.7347235e-18
  2.0996369e+02   1.4076208e-10   2.3472187e-13   1.4083126e-10   0.0000000e+00   1.4083126e-10   0.0000000e+00
  2.3343437e+02   1.4076180e-10   2.3390216e-13   1.4083051e-10   3.0046292e-18   1.4083051e-10   2.4532695e-18
  2.5952870e+02   1.4075910e-10   2.3664074e-13   1.4082964e-10   1.7347235e-18   1.4082964e-10   1.7347235e-18
  2.8853998e+02   1.4075505e-10   2.4111154e-13   1.4082864e-10   0.0000000e+00   1.4082864e-10   0.0000000e+00
  3.2079427e+02   1.4075265e-10   2.4280174e-13   1.4082748e-10   0.0000000e+00   1.4082748e-10   1.7347235e-18
  3.5665408e+02   1.4074787e-10   2.4762439e-13   1.4082615e-10   0.0000000e+00   1.4082615e-10   3.0046292e-18
  3.9652247e+02   1.4074237e-10   2.5299445e-13   1.4082462e-10   1.7347235e-18   1.4082462e-10   2.4532695e-18
  4.4084752e+02   1.4073697e-10   2.5765941e-13   1.4082285e-10   2.4532695e-18   1.4082285e-10   1.7347235e-18
  4.9012742e+02   1.4072809e-10   2.6625090e-13   1.4082081e-10   2.4532695e-18   1.4082081e-10   0.0000000e+00
  5.4491605e+02   1.4071504e-10   2.7890937e-13   1.4081848e-10   0.0000000e+00   1.4081848e-10   0.0000000e+00
  6.0582920e+02   1.4069825e-10   2.9409939e-13   1.4081582e-10   0.0000000e+00   1.4081582e-10   0.0000000e+00
  6.7355149e+02   1.4067601e-10   3.1253223e-13   1.4081282e-10   0.0000000e+00   1.4081282e-10   0.0000000e+00
  7.4884408e+02   1.4064929e-10   3.3192548e-13   1.4080945e-10   0.0000000e+00   1.4080945e-10   0.0000000e+00
  8.3255321e+02   1.4061789e-10   3.5133589e-13   1.4080572e-10   0.0000000e+00   1.4080572e-10   0.0000000e+00
  9.2561972e+02   1.4059023e-10   3.6503794e-13   1.4080165e-10   1.7347235e-18   1.4080165e-10   1.7347235e-18
  1.0290896e+03   1.4056646e-10   3.7443112e-13   1.4079728e-10   0.0000000e+00   1.4079728e-10   0.0000000e+00
  1.1441258e+03   1.4054919e-10   3.7937632e-13   1.4079268e-10   0.0000000e+00   1.4079268e-10   0.0000000e+00
  1.2720213e+03   1.4053975e-10   3.8028570e-13   1.4078791e-10   0.0000000e+00   1.4078791e-10   2.4532695e-18
  1.4142136e+03   1.4053474e-10   3.7915353e-13   1.4078302e-10   0.0000000e+00   1.4078302e-10   1.7347235e-18
  1.5723007e+03   1.4053197e-10   3.7699025e-13   1.4077800e-10   1.7347235e-18   1.4077800e-10   0.0000000e+00
  1.7480594e+03   1.4053484e-10   3.7213219e-13   1.4077272e-10   3.4694470e-18   1.4077272e-10   3.4694470e-18
  1.9434653e+03   1.4054483e-10   3.6318066e-13   1.4076689e-10   0.0000000e+00   1.4076689e-10   3.4694470e-18
  2.1607146e+03   1.4055744e-10   3.5117932e-13   1.4076005e-10   0.0000000e+00   1.4076005e-10   2.4532695e-18
  2.4022489e+03   1.4056526e-10   3.3960362e-13   1.4075161e-10   0.0000000e+00   1.4075161e-10   0.0000000e+00
  2.6707830e+03   1.4056881e-10   3.2805556e-13   1.4074095e-10   0.0000000e+00   1.4074095e-10   1.7347235e-18
  2.9693350e+03   1.4057129e-10   3.1394111e-13   1.4072752e-10   0.0000000e+00   1.4072752e-10   0.0000000e+00
  3.3012605e+03   1.4056970e-10   2.9891531e-13   1.4071087e-10   0.0000000e+00   1.4071087e-10   0.0000000e+00
  3.6702901e+03   1.4056408e-10   2.8262300e-13   1.4069055e-10   0.0000000e+00   1.4069055e-10   0.0000000e+00
  4.0805715e+03   1.4055371e-10   2.6515921e-13   1.4066599e-10   0.0000000e+00   1.4066599e-10   0.0000000e+00
  4.5367160e+03   1.4053564e-10   2.4864026e-13   1.4063634e-10   0.0000000e+00   1.4063634e-10   0.0000000e+00
  5.0438504e+03   1.4050516e-10   2.3719128e-13   1.4060047e-10   3.4694470e-18   1.4060047e-10   0.0000000e+00
  5.6076745e+03   1.4047005e-10   2.2127501e-13   1.4055699e-10   2.4532695e-18   1.4055699e-10   0.0000000e+00
  6.2345254e+03   1.4042511e-10   2.0458689e-13   1.4050441e-10   0.0000000e+00   1.4050441e-10   1.7347235e-18
  6.9314484e+03   1.4036734e-10   1.8862972e-13   1.4044125e-10   0.0000000e+00   1.4044125e-10   1.7347235e-18
  7.7062767e+03   1.4030095e-10   1.6672079e-13   1.4036582e-10   0.0000000e+00   1.4036582e-10   0.0000000e+00
  8.5677186e+03   1.4022274e-10   1.3884863e-13   1.4027534e-10   0.0000000e+00   1.4027534e-10   0.0000000e+00
  9.5254565e+03   1.4012406e-10   1.0779846e-13   1.4016449e-10   3.0046292e-18   1.4016449e-10   0.0000000e+00
  1.0590254e+04   1.3999884e-10   7.0024001e-14   1.4002514e-10   1.7347235e-18   1.4002514e-10   3.0046292e-18
  1.1774080e+04   1.3984146e-10   2.2311671e-14   1.3984981e-10   0.0000000e+00   1.3984981e-10   3.0046292e-18
  1.3090240e+04   1.3964804e-10   3.3781904e-14   1.3963587e-10   0.0000000e+00   1.3963587e-10   0.0000000e+00
  1.4553525e+04   1.3941034e-10   9.4662675e-14   1.3937792e-10   0.0000000e+00   1.3937792e-10   0.0000000e+00
  1.6180383e+04   1.3910554e-10   1.6425923e-13   1.3905168e-10   0.0000000e+00   1.3905168e-10   0.0000000e+00
  1.7989098e+04   1.3870216e-10   2.3699030e-13   1.3863020e-10   0.0000000e+00   1.3863020e-10   0.0000000e+00
