  1.0000000e+02   6.6199998e+18   5.9403746e+16   6.6058242e+18   5.9874100e+16   6.6053733e+18   6.0219342e+16
  1.1117845e+02   6.6201761e+18   5.9463769e+16   6.6059977e+18   5.9928265e+16   6.6055448e+18   6.0274874e+16
  1.2360647e+02   6.6182725e+18   5.8771642e+16   6.6043604e+18   5.8852828e+16   6.6041136e+18   5.9150815e+16
  1.3742375e+02   6.6183188e+18   5.8741113e+16   6.6044305e+18   5.8778191e+16   6.6042006e+18   5.9078401e+16
  1.5278559e+02   6.6184874e+18   5.8782682e+16   6.6046010e+18   5.8796590e+16   6.6043777e+18   5.9098242e+16
  1.6986465e+02   6.6198155e+18   5.9156710e+16   6.6054692e+18   5.9151027e+16   6.6051681e+18   5.9397025e+16
  1.8885287e+02   6.6203888e+18   5.9305845e+16   6.6059347e+18   5.9295013e+16   6.6056100e+18   5.9526739e+16
  2.0996369e+02   6.6213980e+18   5.9558572e+16   6.6067770e+18   5.9472484e+16   6.6064352e+18   5.9690844e+16
  2.3343437e+02   6.6225442e+18   5.9835629e+16   6.6078025e+18   5.9663605e+16   6.6074452e+18   5.9868762e+16
  2.5952870e+02   6.6230952e+18   5.9979707e+16   6.6083818e+18   5.9655169e+16   6.6080160e+18   5.9835258e+16
  2.8853998e+02   6.6234678e+18   6.0088554e+16   6.6088171e+18   5.9547361e+16   6.6084446e+18   5.9694956e+16
  3.2079427e+02   6.6243112e+18   6.0366197e+16   6.6098075e+18   5.9565474e+16   6.6094350e+18   5.9683953e+16
  3.5665408e+02   6.6250949e+18   6.0654761e+16   6.6108315e+18   5.9607398e+16   6.6104476e+18   5.9678473e+16
  3.9652247e+02   6.6257083e+18   6.0937341e+16   6.6118072e+18   5.9594860e+16   6.6114282e+18   5.9632144e+16
  4.4084752e+02   6.6261409e+18   6.1214256e+16   6.6127773e+18   5.9527059e+16   6.6124386e+18   5.9565986e+16
  4.9012742e+02   6.6265551e+18   6.1531502e+16   6.6139490e+18   5.9565756e+16   6.6136485e+18   5.9586182e+16
  5.4491605e+02   6.6268934e+18   6.1876214e+16   6.6151005e+18   5.9607720e+16   6.6148872e+18   5.9627173e+16
  6.0582920e+02   6.6274770e+18   6.2293684e+16   6.6164224e+18   5.9729201e+16   6.6163027e+18   5.9749035e+16
  6.7355149e+02   6.6275923e+18   6.2608170e+16   6.6176433e+18   5.9881448e+16   6.6176402e+18   5.9884337e+16
  7.4884408e+02   6.6281342e+18   6.3040583e+16   6.6191104e+18   6.0193236e+16   6.6191954e+18   6.0176504e+16
  8.3255321e+02   6.6288708e+18   6.3509910e+16   6.6206090e+18   6.0550613e+16   6.6207424e+18   6.0507124e+16
  9.2561972e+02   6.6298776e+18   6.3996269e+16   6.6223059e+18   6.1002382e+16   6.6224322e+18   6.0919453e+16
  1.0290896e+03   6.6311795e+18   6.4439710e+16   6.6242299e+18   6.1525109e+16   6.6242832e+18   6.1424345e+16
  1.1441258e+03   6.6329379e+18   6.4917977e+16   6.6264114e+18   6.2096919e+16   6.6264046e+18   6.2016001e+16
  1.2720213e+03   6.6351288e+18   6.5434262e+16   6.6288296e+18   6.2704909e+16   6.6288106e+18   6.2656554e+16
  1.4142136e+03   6.6376054e+18   6.5970256e+16   6.6314763e+18   6.3374510e+16   6.6315202e+18   6.3366666e+16
  1.5723007e+03   6.6404570e+18   6.6538418e+16   6.6346513e+18   6.4200934e+16   6.6347382e+18   6.4208003e+16
  1.7480594e+03   6.6434432e+18   6.6997209e+16   6.6383366e+18   6.5152666e+16   6.6383809e+18   6.5141132e+16
  1.9434653e+03   6.6465512e+18   6.7379093e+16   6.6426251e+18   6.6288391e+16   6.6426097e+18   6.6301504e+16
  2.1607146e+03   6.6500873e+18   6.7943372e+16   6.6475132e+18   6.7603919e+16   6.6474963e+18   6.7627745e+16
  2.4022489e+03   6.6547547e+18   6.8995560e+16   6.6531175e+18   6.9121704e+16   6.6532676e+18   6.9167837e+16
  2.6707830e+03   6.6612980e+18   7.0981540e+16   6.6600209e+18   7.1084672e+16   6.6601947e+18   7.1126309e+16
  2.9693350e+03   6.6690431e+18   7.3498309e+16   6.6680366e+18   7.3303532e+16   6.6681174e+18   7.3342095e+16
  3.3012605e+03   6.6782161e+18   7.6466715e+16   6.6774975e+18   7.5997257e+16   6.6775908e+18   7.6054543e+16
  3.6702901e+03   6.6890390e+18   7.9335340e+16   6.6888166e+18   7.9080595e+16   6.6888263e+18   7.9100085e+16
  4.0805715e+03   6.7021710e+18   8.2403889e+16   6.7026196e+18   8.2631154e+16   6.7027279e+18   8.2685049e+16
  4.5367160e+03   6.7184240e+18   8.5890497e+16   6.7191802e+18   8.6405124e+16   6.7191967e+18   8.6458387e+16
  5.0438504e+03   6.7405772e+18   9.1313867e+16   6.7415411e+18   9.1983263e+16   6.7416220e+18   9.2022939e+16
  5.6076745e+03   6.7685137e+18   9.7653652e+16   6.7702561e+18   9.8701610e+16   6.7704278e+18   9.8800903e+16
  6.2345254e+03   6.8042051e+18   1.0542777e+17   6.8078690e+18   1.0790268e+17   6.8078896e+18   1.0791562e+17
  6.9314484e+03   6.8530604e+18   1.1555794e+17   6.8606189e+18   1.2091151e+17   6.8606340e+18   1.2091099e+17
  7.7062767e+03   6.9213391e+18   1.2723531e+17   6.9319702e+18   1.3510463e+17   6.9321055e+18   1.3518739e+17
  8.5677186e+03   7.0260315e+18   1.4507389e+17   7.0337728e+18   1.5058390e+17   7.0338773e+18   1.5064492e+17
  9.5254565e+03   7.1732907e+18   1.6618790e+17   7.1742101e+18   1.6671549e+17   7.1743572e+18   1.6680609e+17
  1.0590254e+04   7.3426289e+18   1.9556649e+17   7.3385903e+18   1.9382804e+17   7.3388818e+18   1.9395165e+17
  1.1774080e+04   7.3629507e+18   2.4404183e+17   7.3690039e+18   2.4651119e+17   7.3692358e+18   2.4660233e+17
  1.3090240e+04   7.3184621e+18   2.4545666e+17   7.3318680e+18   2.5102904e+17   7.3320286e+18   2.5109482e+17
  1.4553525e+04   7.3182469e+18   2.4189034e+17   7.3306156e+18   2.4684897e+17   7.3306815e+18   2.4687448e+17
  1.6180383e+04   7.3315794e+18   2.4728725e+17   7.3329969e+18   2.4771413e+17   7.3333462e+18   2.4784384e+17
  1.7989098e+04   7.3407167e+18   2.5045062e+17   7.3351900e+18   2.4849812e+17   7.3352624e+18   2.4852169e+17
