  1.0000000e+02   5.2393050e+19   7.5168046e+14   5.2393185e+19   2.0640510e+16   5.2393169e+19   1.9387103e+16
  1.1117845e+02   5.2394259e+19   8.6764392e+14   5.2394439e+19   2.3878035e+16   5.2394418e+19   2.2430677e+16
  1.2360647e+02   5.2395754e+19   2.3547980e+15   5.2397096e+19   6.5242437e+16   5.2396952e+19   6.1632819e+16
  1.3742375e+02   5.2397602e+19   3.3821108e+15   5.2400385e+19   9.3913657e+16   5.2400090e+19   8.8806687e+16
  1.5278559e+02   5.2399887e+19   4.2265738e+15   5.2404257e+19   1.1764496e+17   5.2403800e+19   1.1134046e+17
  1.6986465e+02   5.2402716e+19   7.1539845e+15   5.2415507e+19   2.0095751e+17   5.2414290e+19   1.9120391e+17
  1.8885287e+02   5.2406216e+19   9.9195868e+15   5.2431068e+19   2.7951196e+17   5.2428783e+19   2.6646380e+17
  2.0996369e+02   5.2410543e+19   1.2926806e+16   5.2453299e+19   3.6544184e+17   5.2449356e+19   3.4841919e+17
  2.3343437e+02   5.2415899e+19   1.6627665e+16   5.2487417e+19   4.7023481e+17   5.2480810e+19   4.4848848e+17
  2.5952870e+02   5.2422513e+19   1.9829552e+16   5.2522376e+19   5.5277146e+17   5.2513604e+19   5.2871816e+17
  2.8853998e+02   5.2430682e+19   2.2750840e+16   5.2557868e+19   6.2054238e+17   5.2547482e+19   5.9571368e+17
  3.2079427e+02   5.2440786e+19   2.6427519e+16   5.2601569e+19   6.9311755e+17   5.2589856e+19   6.6873108e+17
  3.5665408e+02   5.2453273e+19   3.0482968e+16   5.2650158e+19   7.6133362e+17   5.2637622e+19   7.3829552e+17
  3.9652247e+02   5.2468715e+19   3.5397552e+16   5.2706705e+19   8.2974243e+17   5.2694053e+19   8.0918049e+17
  4.4084752e+02   5.2487816e+19   4.1616285e+16   5.2775898e+19   9.0291855e+17   5.2763740e+19   8.8558728e+17
  4.9012742e+02   5.2511426e+19   4.8843656e+16   5.2852861e+19   9.7079451e+17   5.2841572e+19   9.5659140e+17
  5.4491605e+02   5.2540604e+19   5.7281130e+16   5.2937913e+19   1.0325492e+18   5.2927416e+19   1.0208387e+18
  6.0582920e+02   5.2576648e+19   6.6959199e+16   5.3032392e+19   1.0881920e+18   5.3023677e+19   1.0795692e+18
  6.7355149e+02   5.2621150e+19   7.8123581e+16   5.3133202e+19   1.1332277e+18   5.3124505e+19   1.1255363e+18
  7.4884408e+02   5.2676053e+19   9.0575195e+16   5.3239342e+19   1.1659367e+18   5.3230757e+19   1.1591009e+18
  8.3255321e+02   5.2743803e+19   1.0640339e+17   5.3355916e+19   1.1889535e+18   5.3347428e+19   1.1828756e+18
  9.2561972e+02   5.2827458e+19   1.2731006e+17   5.3488645e+19   1.2034645e+18   5.3481537e+19   1.1989410e+18
  1.0290896e+03   5.2930709e+19   1.5623610e+17   5.3639080e+19   1.2064981e+18   5.3633538e+19   1.2034063e+18
  1.1441258e+03   5.3058027e+19   1.9490095e+17   5.3808822e+19   1.1945587e+18   5.3805917e+19   1.1931652e+18
  1.2720213e+03   5.3214864e+19   2.4701696e+17   5.4009410e+19   1.1675037e+18   5.4006721e+19   1.1664463e+18
  1.4142136e+03   5.3407292e+19   3.1251970e+17   5.4231225e+19   1.1146550e+18   5.4226763e+19   1.1132800e+18
  1.5723007e+03   5.3642115e+19   3.9820382e+17   5.4484119e+19   1.0326779e+18   5.4479299e+19   1.0316572e+18
  1.7480594e+03   5.3926793e+19   5.1448561e+17   5.4770117e+19   9.1315963e+17   5.4768301e+19   9.1298621e+17
  1.9434653e+03   5.4267358e+19   6.7625773e+17   5.5082839e+19   7.4551121e+17   5.5082315e+19   7.4553620e+17
  2.1607146e+03   5.4659322e+19   9.1549385e+17   5.5397012e+19   5.2296906e+17   5.5396599e+19   5.2306102e+17
  2.4022489e+03   5.5064927e+19   1.2796583e+18   5.5678671e+19   2.5397763e+17   5.5678492e+19   2.5405676e+17
  2.6707830e+03   5.5382062e+19   1.8007306e+18   5.5893798e+19   2.9626146e+16   5.5893819e+19   2.9641626e+16
  2.9693350e+03   5.5460719e+19   2.3831498e+18   5.6023095e+19   2.7159757e+17   5.6023079e+19   2.7157901e+17
  3.3012605e+03   5.5262889e+19   2.7776202e+18   5.6082954e+19   4.1621878e+17   5.6082187e+19   4.1478782e+17
  3.6702901e+03   5.5046395e+19   2.8380964e+18   5.6116259e+19   4.4291101e+17   5.6115696e+19   4.4117667e+17
  4.0805715e+03   5.5003638e+19   2.7103805e+18   5.6162098e+19   3.7360865e+17   5.6162060e+19   3.7339961e+17
  4.5367160e+03   5.5095048e+19   2.5859088e+18   5.6239895e+19   2.5837213e+17   5.6239789e+19   2.5721475e+17
  5.0438504e+03   5.5206376e+19   2.5557923e+18   5.6352211e+19   1.4644130e+17   5.6352184e+19   1.4578905e+17
  5.6076745e+03   5.5376974e+19   2.5451343e+18   5.6497131e+19   6.0388566e+16   5.6497125e+19   5.9960459e+16
  6.2345254e+03   5.5573204e+19   2.5606840e+18   5.6676289e+19   7.7747213e+11   5.6676289e+19   0.0000000e+00
  6.9314484e+03   5.5751159e+19   2.6397479e+18   5.6894224e+19   0.0000000e+00   5.6894224e+19   0.0000000e+00
  7.7062767e+03   5.6000889e+19   2.7023158e+18   5.7157338e+19   0.0000000e+00   5.7157338e+19   0.0000000e+00
  8.5677186e+03   5.6329724e+19   2.7513757e+18   5.7475691e+19   1.0995116e+12   5.7475691e+19   0.0000000e+00
  9.5254565e+03   5.6698572e+19   2.8462850e+18   5.7867756e+19   0.0000000e+00   5.7867756e+19   0.0000000e+00
  1.0590254e+04   5.7131147e+19   3.0020158e+18   5.8364779e+19   1.0995116e+12   5.8364779e+19   0.0000000e+00
  1.1774080e+04   5.7698915e+19   3.1921256e+18   5.9004959e+19   1.3466212e+12   5.9004959e+19   0.0000000e+00
  1.3090240e+04   5.8498392e+19   3.3505065e+18   5.9817854e+19   0.0000000e+00   5.9817854e+19   0.0000000e+00
  1.4553525e+04   5.9518173e+19   3.5167614e+18   6.0834069e+19   7.7747213e+11   6.0834069e+19   7.7747213e+11
  1.6180383e+04   6.0801242e+19   3.7609925e+18   6.2149334e+19   1.3466212e+12   6.2149334e+19   7.7747213e+11
  1.7989098e+04   6.2621481e+19   3.9912551e+18   6.3947027e+19   1.0995116e+12   6.3947027e+19   0.0000000e+00
